Sample	0	1	2	3	4	5	6	7	8	9	10	11	12	13	14	15	16	17	18	19	20	21	22	23	24	25	26	27	28	29	30	31	32	33	34	35	36	37	38	39	40	41	42	43	44	45	46	47	48	49	50	51	52	53	54	55	56	57	58	59	60	61	62	63	64	65	66	67	68	69	70	71	72	73	74	75	76	77	78	79	80	81	82	83	84	85	86	87	88	89	90	91	92	93	94	95	96	97	98	99	100
GFP_R1_MKRN250011206-1A_22MGWFLT4_L3_1	(0.0, 1.0)	(1.0, 0.5)	(2.0, 3.0)	(3.0, 4.0)	(4.0, 7.5)	(5.0, 17.5)	(6.0, 19.5)	(7.0, 22.5)	(8.0, 31.5)	(9.0, 57.0)	(10.0, 111.5)	(11.0, 208.5)	(12.0, 378.5)	(13.0, 695.5)	(14.0, 1304.5)	(15.0, 2178.0)	(16.0, 3329.5)	(17.0, 5013.5)	(18.0, 7566.5)	(19.0, 11236.5)	(20.0, 16743.5)	(21.0, 29262.5)	(22.0, 44683.0)	(23.0, 53988.5)	(24.0, 67726.0)	(25.0, 88814.5)	(26.0, 112052.0)	(27.0, 139578.0)	(28.0, 176508.0)	(29.0, 211778.0)	(30.0, 240388.5)	(31.0, 276358.5)	(32.0, 330418.0)	(33.0, 362611.5)	(34.0, 376773.0)	(35.0, 397595.5)	(36.0, 407349.0)	(37.0, 411103.5)	(38.0, 403198.0)	(39.0, 384271.0)	(40.0, 355957.0)	(41.0, 321112.5)	(42.0, 283621.5)	(43.0, 247678.0)	(44.0, 214332.0)	(45.0, 178403.0)	(46.0, 144041.0)	(47.0, 117384.5)	(48.0, 93357.0)	(49.0, 73702.5)	(50.0, 58859.5)	(51.0, 44567.0)	(52.0, 33928.0)	(53.0, 27269.5)	(54.0, 21464.0)	(55.0, 16669.0)	(56.0, 13504.0)	(57.0, 10953.0)	(58.0, 8549.0)	(59.0, 6392.0)	(60.0, 4781.5)	(61.0, 3737.5)	(62.0, 3146.5)	(63.0, 2442.0)	(64.0, 1673.0)	(65.0, 1326.0)	(66.0, 1067.5)	(67.0, 802.0)	(68.0, 710.0)	(69.0, 616.5)	(70.0, 472.5)	(71.0, 390.5)	(72.0, 334.5)	(73.0, 237.0)	(74.0, 198.5)	(75.0, 207.0)	(76.0, 172.0)	(77.0, 116.0)	(78.0, 67.5)	(79.0, 49.0)	(80.0, 42.0)	(81.0, 37.5)	(82.0, 24.5)	(83.0, 15.5)	(84.0, 18.5)	(85.0, 15.5)	(86.0, 10.5)	(87.0, 9.0)	(88.0, 10.5)	(89.0, 8.0)	(90.0, 1.5)	(91.0, 0.5)	(92.0, 0.5)	(93.0, 1.0)	(94.0, 1.5)	(95.0, 1.5)	(96.0, 3.0)	(97.0, 14.5)	(98.0, 61.0)	(99.0, 58.5)	(100.0, 10.0)
GFP_R1_MKRN250011206-1A_22MGWFLT4_L3_2	(0.0, 4.0)	(1.0, 3.0)	(2.0, 2.5)	(3.0, 3.5)	(4.0, 5.0)	(5.0, 12.5)	(6.0, 14.5)	(7.0, 18.5)	(8.0, 45.0)	(9.0, 76.0)	(10.0, 127.5)	(11.0, 234.5)	(12.0, 372.0)	(13.0, 658.5)	(14.0, 1287.0)	(15.0, 2221.5)	(16.0, 3471.5)	(17.0, 5145.5)	(18.0, 7665.0)	(19.0, 11473.5)	(20.0, 16721.5)	(21.0, 27756.0)	(22.0, 41364.5)	(23.0, 50529.0)	(24.0, 64359.0)	(25.0, 84949.5)	(26.0, 107964.5)	(27.0, 135488.0)	(28.0, 173835.0)	(29.0, 210427.0)	(30.0, 238373.0)	(31.0, 272236.5)	(32.0, 326995.5)	(33.0, 362335.5)	(34.0, 378468.0)	(35.0, 399530.0)	(36.0, 409154.5)	(37.0, 413142.0)	(38.0, 405262.5)	(39.0, 387320.5)	(40.0, 359262.5)	(41.0, 325026.0)	(42.0, 287072.0)	(43.0, 248730.0)	(44.0, 214666.0)	(45.0, 180270.0)	(46.0, 147009.5)	(47.0, 119204.0)	(48.0, 94554.0)	(49.0, 74489.5)	(50.0, 59520.5)	(51.0, 45023.0)	(52.0, 33731.0)	(53.0, 27030.5)	(54.0, 21696.0)	(55.0, 17194.0)	(56.0, 13539.5)	(57.0, 10770.0)	(58.0, 8332.5)	(59.0, 6237.0)	(60.0, 4820.5)	(61.0, 3952.0)	(62.0, 3302.5)	(63.0, 2547.5)	(64.0, 1801.5)	(65.0, 1348.0)	(66.0, 1073.0)	(67.0, 864.0)	(68.0, 713.5)	(69.0, 664.5)	(70.0, 578.0)	(71.0, 433.0)	(72.0, 373.0)	(73.0, 319.0)	(74.0, 237.5)	(75.0, 190.5)	(76.0, 156.5)	(77.0, 132.0)	(78.0, 99.5)	(79.0, 83.5)	(80.0, 84.0)	(81.0, 78.5)	(82.0, 60.0)	(83.0, 41.5)	(84.0, 30.0)	(85.0, 32.0)	(86.0, 30.0)	(87.0, 24.5)	(88.0, 27.0)	(89.0, 29.5)	(90.0, 28.0)	(91.0, 23.5)	(92.0, 21.0)	(93.0, 18.5)	(94.0, 20.5)	(95.0, 28.0)	(96.0, 33.5)	(97.0, 41.0)	(98.0, 62.5)	(99.0, 118.5)	(100.0, 586.0)
GFP_R1_MKRN250011206-1A_22MVT7LT4_L4_1	(0.0, 3.0)	(1.0, 3.0)	(2.0, 5.0)	(3.0, 7.0)	(4.0, 10.5)	(5.0, 22.5)	(6.0, 32.0)	(7.0, 51.0)	(8.0, 86.0)	(9.0, 146.0)	(10.0, 238.0)	(11.0, 442.5)	(12.0, 790.5)	(13.0, 1429.5)	(14.0, 2648.5)	(15.0, 4549.5)	(16.0, 7035.0)	(17.0, 10522.5)	(18.0, 15759.5)	(19.0, 23616.5)	(20.0, 35224.5)	(21.0, 60887.0)	(22.0, 93564.0)	(23.0, 113462.0)	(24.0, 142165.0)	(25.0, 186748.5)	(26.0, 236578.5)	(27.0, 296395.0)	(28.0, 374045.5)	(29.0, 447994.5)	(30.0, 508318.0)	(31.0, 585508.5)	(32.0, 697746.5)	(33.0, 763514.0)	(34.0, 793717.0)	(35.0, 837363.5)	(36.0, 859907.0)	(37.0, 866391.5)	(38.0, 845589.0)	(39.0, 806350.0)	(40.0, 748853.5)	(41.0, 674895.5)	(42.0, 595483.5)	(43.0, 518456.0)	(44.0, 447044.0)	(45.0, 372440.5)	(46.0, 302396.0)	(47.0, 246429.0)	(48.0, 195539.0)	(49.0, 154520.0)	(50.0, 123370.5)	(51.0, 93778.0)	(52.0, 71232.0)	(53.0, 56348.0)	(54.0, 44296.0)	(55.0, 34807.0)	(56.0, 27998.5)	(57.0, 22754.5)	(58.0, 17523.0)	(59.0, 12995.0)	(60.0, 9897.5)	(61.0, 7770.5)	(62.0, 6455.5)	(63.0, 4910.0)	(64.0, 3362.5)	(65.0, 2588.0)	(66.0, 2079.0)	(67.0, 1632.0)	(68.0, 1311.0)	(69.0, 1082.5)	(70.0, 908.0)	(71.0, 776.0)	(72.0, 691.0)	(73.0, 498.5)	(74.0, 364.5)	(75.0, 330.0)	(76.0, 279.5)	(77.0, 213.0)	(78.0, 136.5)	(79.0, 107.5)	(80.0, 92.0)	(81.0, 61.5)	(82.0, 49.5)	(83.0, 37.0)	(84.0, 28.0)	(85.0, 24.0)	(86.0, 17.0)	(87.0, 15.5)	(88.0, 16.0)	(89.0, 13.5)	(90.0, 4.5)	(91.0, 3.5)	(92.0, 3.5)	(93.0, 3.5)	(94.0, 3.5)	(95.0, 5.5)	(96.0, 10.0)	(97.0, 28.0)	(98.0, 75.0)	(99.0, 61.5)	(100.0, 8.5)
GFP_R1_MKRN250011206-1A_22MVT7LT4_L4_2	(0.0, 1.0)	(1.0, 6.0)	(2.0, 7.5)	(3.0, 7.0)	(4.0, 12.0)	(5.0, 27.0)	(6.0, 40.5)	(7.0, 54.0)	(8.0, 85.5)	(9.0, 138.0)	(10.0, 262.0)	(11.0, 463.5)	(12.0, 805.5)	(13.0, 1450.0)	(14.0, 2690.0)	(15.0, 4639.5)	(16.0, 7169.5)	(17.0, 10588.0)	(18.0, 16058.0)	(19.0, 24138.5)	(20.0, 35340.0)	(21.0, 58218.5)	(22.0, 86601.0)	(23.0, 106742.0)	(24.0, 136900.0)	(25.0, 179715.0)	(26.0, 228722.5)	(27.0, 288395.0)	(28.0, 367935.0)	(29.0, 444081.0)	(30.0, 504217.0)	(31.0, 576495.5)	(32.0, 690369.5)	(33.0, 765169.5)	(34.0, 801882.5)	(35.0, 847759.5)	(36.0, 866373.5)	(37.0, 869967.5)	(38.0, 851537.5)	(39.0, 814265.5)	(40.0, 754688.0)	(41.0, 682434.0)	(42.0, 602417.0)	(43.0, 520911.5)	(44.0, 450085.5)	(45.0, 377574.0)	(46.0, 305810.0)	(47.0, 247478.5)	(48.0, 196085.5)	(49.0, 153734.0)	(50.0, 121885.0)	(51.0, 92454.0)	(52.0, 69301.5)	(53.0, 54974.5)	(54.0, 44030.0)	(55.0, 34451.5)	(56.0, 27313.0)	(57.0, 22195.0)	(58.0, 17184.5)	(59.0, 12675.5)	(60.0, 9746.5)	(61.0, 7814.0)	(62.0, 6435.0)	(63.0, 4940.0)	(64.0, 3476.5)	(65.0, 2713.0)	(66.0, 2121.0)	(67.0, 1664.5)	(68.0, 1363.5)	(69.0, 1213.0)	(70.0, 1073.0)	(71.0, 856.5)	(72.0, 711.0)	(73.0, 540.0)	(74.0, 411.0)	(75.0, 359.5)	(76.0, 279.5)	(77.0, 222.5)	(78.0, 183.0)	(79.0, 178.5)	(80.0, 156.0)	(81.0, 104.0)	(82.0, 78.5)	(83.0, 66.5)	(84.0, 58.0)	(85.0, 51.0)	(86.0, 51.5)	(87.0, 49.5)	(88.0, 39.5)	(89.0, 33.0)	(90.0, 33.0)	(91.0, 38.5)	(92.0, 39.5)	(93.0, 37.0)	(94.0, 36.0)	(95.0, 36.0)	(96.0, 51.0)	(97.0, 66.0)	(98.0, 101.5)	(99.0, 193.5)	(100.0, 736.0)
GFP_R2_MKRN250011211-1A_22MGWFLT4_L3_1	(0.0, 2.0)	(1.0, 2.5)	(2.0, 3.5)	(3.0, 5.0)	(4.0, 8.0)	(5.0, 8.5)	(6.0, 14.0)	(7.0, 32.0)	(8.0, 57.5)	(9.0, 98.5)	(10.0, 162.0)	(11.0, 311.0)	(12.0, 557.0)	(13.0, 936.0)	(14.0, 1653.0)	(15.0, 2744.0)	(16.0, 4146.5)	(17.0, 6023.5)	(18.0, 8647.5)	(19.0, 12509.0)	(20.0, 18755.0)	(21.0, 32975.5)	(22.0, 47776.0)	(23.0, 55457.5)	(24.0, 68776.5)	(25.0, 85998.5)	(26.0, 106972.5)	(27.0, 136455.5)	(28.0, 173804.0)	(29.0, 206217.5)	(30.0, 228337.0)	(31.0, 264920.0)	(32.0, 315791.5)	(33.0, 343069.0)	(34.0, 357875.0)	(35.0, 374611.5)	(36.0, 384907.0)	(37.0, 386008.0)	(38.0, 374688.5)	(39.0, 359513.0)	(40.0, 333892.5)	(41.0, 301260.5)	(42.0, 266446.0)	(43.0, 231971.0)	(44.0, 199719.0)	(45.0, 166809.5)	(46.0, 135910.0)	(47.0, 111748.0)	(48.0, 88911.5)	(49.0, 68618.0)	(50.0, 54980.5)	(51.0, 42786.0)	(52.0, 33171.0)	(53.0, 27113.5)	(54.0, 21673.5)	(55.0, 17158.5)	(56.0, 13812.5)	(57.0, 10838.5)	(58.0, 8489.0)	(59.0, 6501.5)	(60.0, 4890.0)	(61.0, 3865.0)	(62.0, 3173.5)	(63.0, 2481.5)	(64.0, 1770.5)	(65.0, 1273.0)	(66.0, 1058.0)	(67.0, 908.5)	(68.0, 715.0)	(69.0, 594.5)	(70.0, 508.0)	(71.0, 485.5)	(72.0, 440.0)	(73.0, 359.0)	(74.0, 283.0)	(75.0, 216.0)	(76.0, 184.5)	(77.0, 148.5)	(78.0, 124.0)	(79.0, 77.0)	(80.0, 46.0)	(81.0, 34.5)	(82.0, 23.5)	(83.0, 18.0)	(84.0, 15.0)	(85.0, 15.5)	(86.0, 9.5)	(87.0, 2.5)	(88.0, 1.5)	(89.0, 1.0)	(90.0, 1.0)	(91.0, 1.5)	(92.0, 1.5)	(93.0, 1.0)	(94.0, 1.5)	(95.0, 3.0)	(96.0, 9.0)	(97.0, 28.5)	(98.0, 113.5)	(99.0, 112.0)	(100.0, 20.0)
GFP_R2_MKRN250011211-1A_22MGWFLT4_L3_2	(0.0, 2.0)	(1.0, 4.0)	(2.0, 6.5)	(3.0, 5.5)	(4.0, 4.0)	(5.0, 9.0)	(6.0, 14.0)	(7.0, 28.0)	(8.0, 60.5)	(9.0, 104.5)	(10.0, 171.0)	(11.0, 295.5)	(12.0, 544.5)	(13.0, 959.0)	(14.0, 1650.0)	(15.0, 2775.5)	(16.0, 4200.0)	(17.0, 6023.5)	(18.0, 8707.5)	(19.0, 12509.5)	(20.0, 18310.5)	(21.0, 31941.5)	(22.0, 46012.5)	(23.0, 53567.5)	(24.0, 67611.5)	(25.0, 84975.0)	(26.0, 104455.5)	(27.0, 133626.0)	(28.0, 172612.0)	(29.0, 204768.5)	(30.0, 225243.5)	(31.0, 260601.5)	(32.0, 313222.5)	(33.0, 341257.5)	(34.0, 357772.5)	(35.0, 378483.0)	(36.0, 388043.5)	(37.0, 387144.0)	(38.0, 375792.0)	(39.0, 361034.0)	(40.0, 334978.0)	(41.0, 302541.5)	(42.0, 268345.0)	(43.0, 234014.0)	(44.0, 202026.0)	(45.0, 168858.5)	(46.0, 136406.5)	(47.0, 111992.0)	(48.0, 90257.0)	(49.0, 69453.5)	(50.0, 55016.0)	(51.0, 42702.0)	(52.0, 33137.0)	(53.0, 27155.0)	(54.0, 21886.0)	(55.0, 17385.0)	(56.0, 13795.5)	(57.0, 10856.0)	(58.0, 8511.5)	(59.0, 6521.0)	(60.0, 4865.0)	(61.0, 3799.5)	(62.0, 3262.0)	(63.0, 2624.5)	(64.0, 1903.0)	(65.0, 1397.0)	(66.0, 1115.0)	(67.0, 953.5)	(68.0, 776.5)	(69.0, 653.5)	(70.0, 571.5)	(71.0, 524.0)	(72.0, 454.5)	(73.0, 359.0)	(74.0, 306.5)	(75.0, 257.5)	(76.0, 182.0)	(77.0, 122.5)	(78.0, 117.0)	(79.0, 101.5)	(80.0, 77.0)	(81.0, 68.0)	(82.0, 47.5)	(83.0, 36.5)	(84.0, 37.5)	(85.0, 33.0)	(86.0, 25.0)	(87.0, 21.0)	(88.0, 20.0)	(89.0, 22.5)	(90.0, 25.0)	(91.0, 28.5)	(92.0, 27.0)	(93.0, 25.0)	(94.0, 27.5)	(95.0, 27.0)	(96.0, 27.0)	(97.0, 34.5)	(98.0, 57.5)	(99.0, 120.5)	(100.0, 609.5)
GFP_R2_MKRN250011211-1A_22MVT7LT4_L4_1	(0.0, 6.0)	(1.0, 6.5)	(2.0, 8.0)	(3.0, 10.0)	(4.0, 14.5)	(5.0, 37.0)	(6.0, 56.0)	(7.0, 72.0)	(8.0, 129.0)	(9.0, 234.0)	(10.0, 401.0)	(11.0, 725.5)	(12.0, 1210.0)	(13.0, 2110.5)	(14.0, 3680.5)	(15.0, 6040.0)	(16.0, 9255.0)	(17.0, 13457.0)	(18.0, 19636.0)	(19.0, 28594.5)	(20.0, 42305.0)	(21.0, 74275.5)	(22.0, 108283.0)	(23.0, 126574.0)	(24.0, 157961.0)	(25.0, 198475.0)	(26.0, 246678.0)	(27.0, 314932.0)	(28.0, 401090.0)	(29.0, 475149.5)	(30.0, 527299.0)	(31.0, 612737.0)	(32.0, 726316.5)	(33.0, 788112.0)	(34.0, 824904.0)	(35.0, 865213.5)	(36.0, 886471.5)	(37.0, 887460.5)	(38.0, 863219.0)	(39.0, 827070.0)	(40.0, 767828.5)	(41.0, 691994.0)	(42.0, 610752.0)	(43.0, 530964.5)	(44.0, 457208.5)	(45.0, 380938.5)	(46.0, 308878.5)	(47.0, 253409.5)	(48.0, 202291.5)	(49.0, 156570.0)	(50.0, 125016.0)	(51.0, 97446.0)	(52.0, 75545.0)	(53.0, 61139.0)	(54.0, 48652.0)	(55.0, 38597.0)	(56.0, 30813.5)	(57.0, 24309.0)	(58.0, 18857.5)	(59.0, 14175.5)	(60.0, 10700.0)	(61.0, 8514.0)	(62.0, 7083.0)	(63.0, 5469.5)	(64.0, 3796.5)	(65.0, 2763.0)	(66.0, 2253.0)	(67.0, 1828.5)	(68.0, 1499.5)	(69.0, 1259.5)	(70.0, 1036.5)	(71.0, 955.5)	(72.0, 853.0)	(73.0, 693.5)	(74.0, 589.5)	(75.0, 473.0)	(76.0, 372.0)	(77.0, 285.5)	(78.0, 216.0)	(79.0, 144.0)	(80.0, 95.0)	(81.0, 73.5)	(82.0, 47.0)	(83.0, 31.0)	(84.0, 34.5)	(85.0, 36.5)	(86.0, 23.0)	(87.0, 11.0)	(88.0, 8.5)	(89.0, 8.0)	(90.0, 9.0)	(91.0, 6.5)	(92.0, 4.0)	(93.0, 3.5)	(94.0, 4.0)	(95.0, 8.0)	(96.0, 15.5)	(97.0, 43.0)	(98.0, 193.5)	(99.0, 187.0)	(100.0, 29.0)
GFP_R2_MKRN250011211-1A_22MVT7LT4_L4_2	(0.0, 3.0)	(1.0, 6.0)	(2.0, 9.5)	(3.0, 12.0)	(4.0, 21.0)	(5.0, 30.0)	(6.0, 37.5)	(7.0, 74.5)	(8.0, 123.0)	(9.0, 235.0)	(10.0, 424.5)	(11.0, 706.5)	(12.0, 1152.0)	(13.0, 2052.0)	(14.0, 3646.0)	(15.0, 5933.5)	(16.0, 9295.0)	(17.0, 13618.0)	(18.0, 19721.0)	(19.0, 28766.5)	(20.0, 41697.0)	(21.0, 71513.0)	(22.0, 104276.5)	(23.0, 123231.0)	(24.0, 154674.5)	(25.0, 194473.5)	(26.0, 240744.5)	(27.0, 307381.0)	(28.0, 396507.5)	(29.0, 471882.5)	(30.0, 520847.0)	(31.0, 600551.5)	(32.0, 722247.5)	(33.0, 791834.0)	(34.0, 830366.0)	(35.0, 875407.5)	(36.0, 894093.5)	(37.0, 891454.0)	(38.0, 866177.5)	(39.0, 829546.0)	(40.0, 769771.0)	(41.0, 696581.5)	(42.0, 616500.5)	(43.0, 535345.0)	(44.0, 460853.0)	(45.0, 384662.5)	(46.0, 311806.0)	(47.0, 255197.0)	(48.0, 203234.0)	(49.0, 156479.5)	(50.0, 123855.0)	(51.0, 96172.5)	(52.0, 74288.0)	(53.0, 59963.0)	(54.0, 48199.5)	(55.0, 38591.0)	(56.0, 30530.0)	(57.0, 23775.0)	(58.0, 18334.0)	(59.0, 14030.5)	(60.0, 10596.5)	(61.0, 8334.5)	(62.0, 7094.0)	(63.0, 5563.5)	(64.0, 3893.0)	(65.0, 2883.0)	(66.0, 2292.5)	(67.0, 1846.0)	(68.0, 1531.0)	(69.0, 1342.5)	(70.0, 1161.5)	(71.0, 984.5)	(72.0, 839.0)	(73.0, 690.0)	(74.0, 589.0)	(75.0, 527.0)	(76.0, 419.0)	(77.0, 309.5)	(78.0, 241.0)	(79.0, 184.5)	(80.0, 135.0)	(81.0, 118.0)	(82.0, 107.5)	(83.0, 79.0)	(84.0, 61.5)	(85.0, 52.5)	(86.0, 51.0)	(87.0, 45.0)	(88.0, 41.5)	(89.0, 40.5)	(90.0, 37.0)	(91.0, 33.5)	(92.0, 33.0)	(93.0, 42.0)	(94.0, 43.5)	(95.0, 47.0)	(96.0, 60.0)	(97.0, 74.0)	(98.0, 115.0)	(99.0, 213.5)	(100.0, 850.0)
GFP_R3_MKRN250011216-1A_22MVT7LT4_L4_1	(0.0, 6.0)	(1.0, 6.0)	(2.0, 4.5)	(3.0, 9.5)	(4.0, 25.5)	(5.0, 31.5)	(6.0, 32.5)	(7.0, 57.5)	(8.0, 114.0)	(9.0, 206.5)	(10.0, 408.0)	(11.0, 869.0)	(12.0, 1862.0)	(13.0, 3890.5)	(14.0, 7629.5)	(15.0, 13700.0)	(16.0, 22260.5)	(17.0, 34287.5)	(18.0, 52943.5)	(19.0, 81805.5)	(20.0, 126748.5)	(21.0, 217868.5)	(22.0, 321855.5)	(23.0, 395035.5)	(24.0, 509276.5)	(25.0, 646810.5)	(26.0, 805777.5)	(27.0, 1024124.0)	(28.0, 1290235.0)	(29.0, 1547410.0)	(30.0, 1744919.0)	(31.0, 2012831.0)	(32.0, 2412767.5)	(33.0, 2657732.5)	(34.0, 2765124.0)	(35.0, 2911505.5)	(36.0, 2971366.5)	(37.0, 2942833.5)	(38.0, 2868569.0)	(39.0, 2743688.5)	(40.0, 2543098.0)	(41.0, 2290072.5)	(42.0, 2014417.0)	(43.0, 1739670.5)	(44.0, 1490367.0)	(45.0, 1236276.5)	(46.0, 998452.5)	(47.0, 817913.5)	(48.0, 654588.5)	(49.0, 510627.5)	(50.0, 403049.0)	(51.0, 306436.5)	(52.0, 233259.0)	(53.0, 186418.5)	(54.0, 147415.0)	(55.0, 116154.0)	(56.0, 91285.5)	(57.0, 70397.0)	(58.0, 53299.0)	(59.0, 38825.0)	(60.0, 28921.0)	(61.0, 22572.5)	(62.0, 18076.0)	(63.0, 12481.5)	(64.0, 6850.0)	(65.0, 4131.0)	(66.0, 2883.0)	(67.0, 2043.0)	(68.0, 1425.0)	(69.0, 1017.0)	(70.0, 687.0)	(71.0, 401.0)	(72.0, 219.0)	(73.0, 152.5)	(74.0, 188.5)	(75.0, 146.0)	(76.0, 57.5)	(77.0, 36.5)	(78.0, 31.5)	(79.0, 22.5)	(80.0, 16.0)	(81.0, 20.0)	(82.0, 21.0)	(83.0, 13.5)	(84.0, 10.0)	(85.0, 9.5)	(86.0, 5.5)	(87.0, 4.0)	(88.0, 3.0)	(89.0, 2.5)	(90.0, 3.0)	(91.0, 3.0)	(92.0, 2.5)	(93.0, 1.5)	(94.0, 5.5)	(95.0, 13.0)	(96.0, 17.0)	(97.0, 32.0)	(98.0, 70.0)	(99.0, 57.5)	(100.0, 13.0)
GFP_R3_MKRN250011216-1A_22MVT7LT4_L4_2	(0.0, 3.0)	(1.0, 6.0)	(2.0, 7.5)	(3.0, 9.0)	(4.0, 12.0)	(5.0, 16.5)	(6.0, 27.0)	(7.0, 51.5)	(8.0, 94.0)	(9.0, 192.5)	(10.0, 354.0)	(11.0, 743.5)	(12.0, 1662.0)	(13.0, 3603.5)	(14.0, 7217.5)	(15.0, 13194.0)	(16.0, 22122.5)	(17.0, 34092.0)	(18.0, 51921.5)	(19.0, 80142.5)	(20.0, 124792.0)	(21.0, 212119.0)	(22.0, 311321.0)	(23.0, 385684.0)	(24.0, 505120.0)	(25.0, 644923.0)	(26.0, 800460.5)	(27.0, 1014878.5)	(28.0, 1290628.5)	(29.0, 1549753.5)	(30.0, 1731667.0)	(31.0, 1991438.0)	(32.0, 2404531.0)	(33.0, 2657071.0)	(34.0, 2767913.5)	(35.0, 2923300.5)	(36.0, 2979844.5)	(37.0, 2947066.5)	(38.0, 2872829.0)	(39.0, 2750875.0)	(40.0, 2553379.0)	(41.0, 2305270.5)	(42.0, 2026777.5)	(43.0, 1747210.0)	(44.0, 1496371.5)	(45.0, 1240853.0)	(46.0, 1003503.5)	(47.0, 820691.0)	(48.0, 654731.0)	(49.0, 508981.0)	(50.0, 398946.5)	(51.0, 302308.0)	(52.0, 230062.5)	(53.0, 183616.0)	(54.0, 146451.0)	(55.0, 115631.5)	(56.0, 90321.0)	(57.0, 70130.5)	(58.0, 53503.0)	(59.0, 39131.0)	(60.0, 28698.5)	(61.0, 22379.5)	(62.0, 18188.0)	(63.0, 12501.0)	(64.0, 7036.0)	(65.0, 4413.5)	(66.0, 3088.0)	(67.0, 2218.5)	(68.0, 1576.0)	(69.0, 1182.0)	(70.0, 833.0)	(71.0, 557.0)	(72.0, 404.5)	(73.0, 316.0)	(74.0, 326.0)	(75.0, 303.5)	(76.0, 231.0)	(77.0, 191.5)	(78.0, 186.0)	(79.0, 177.0)	(80.0, 167.0)	(81.0, 149.5)	(82.0, 135.5)	(83.0, 124.0)	(84.0, 117.0)	(85.0, 117.5)	(86.0, 115.5)	(87.0, 115.0)	(88.0, 104.0)	(89.0, 113.0)	(90.0, 120.0)	(91.0, 108.5)	(92.0, 112.5)	(93.0, 112.5)	(94.0, 100.0)	(95.0, 107.5)	(96.0, 127.5)	(97.0, 174.0)	(98.0, 289.5)	(99.0, 562.5)	(100.0, 2129.0)
HNF4_FOXF_R1_MKRN250011210-1A_22MGWFLT4_L3_1	(0.0, 2.0)	(1.0, 5.5)	(2.0, 11.5)	(3.0, 15.5)	(4.0, 27.0)	(5.0, 38.5)	(6.0, 53.0)	(7.0, 73.5)	(8.0, 99.5)	(9.0, 155.5)	(10.0, 285.5)	(11.0, 478.5)	(12.0, 761.0)	(13.0, 1289.0)	(14.0, 2074.5)	(15.0, 3310.0)	(16.0, 4834.5)	(17.0, 6477.5)	(18.0, 8753.0)	(19.0, 12703.0)	(20.0, 18935.5)	(21.0, 32363.0)	(22.0, 46089.0)	(23.0, 52146.0)	(24.0, 63238.0)	(25.0, 78099.5)	(26.0, 95713.0)	(27.0, 121738.5)	(28.0, 155306.0)	(29.0, 184387.5)	(30.0, 204304.0)	(31.0, 237154.0)	(32.0, 283740.0)	(33.0, 307503.0)	(34.0, 320826.5)	(35.0, 338164.5)	(36.0, 345041.5)	(37.0, 341218.0)	(38.0, 329427.0)	(39.0, 315708.0)	(40.0, 293281.0)	(41.0, 265267.5)	(42.0, 235548.5)	(43.0, 205887.5)	(44.0, 177535.0)	(45.0, 148018.0)	(46.0, 120696.5)	(47.0, 99418.0)	(48.0, 79194.5)	(49.0, 61666.0)	(50.0, 49443.5)	(51.0, 38237.0)	(52.0, 29498.5)	(53.0, 24004.5)	(54.0, 18833.0)	(55.0, 14716.5)	(56.0, 11738.0)	(57.0, 9079.5)	(58.0, 7019.0)	(59.0, 5179.5)	(60.0, 3912.0)	(61.0, 3190.0)	(62.0, 2745.0)	(63.0, 2203.5)	(64.0, 1491.5)	(65.0, 984.5)	(66.0, 765.5)	(67.0, 593.0)	(68.0, 469.0)	(69.0, 384.5)	(70.0, 319.0)	(71.0, 291.5)	(72.0, 224.0)	(73.0, 188.0)	(74.0, 162.5)	(75.0, 103.0)	(76.0, 83.5)	(77.0, 72.0)	(78.0, 52.0)	(79.0, 32.5)	(80.0, 26.0)	(81.0, 26.5)	(82.0, 19.5)	(83.0, 8.5)	(84.0, 7.5)	(85.0, 7.5)	(86.0, 2.5)	(87.0, 3.0)	(88.0, 5.5)	(89.0, 3.0)	(90.0, 1.0)	(91.0, 2.0)	(92.0, 1.0)	(93.0, 0.5)	(94.0, 1.5)	(95.0, 4.5)	(96.0, 5.0)	(97.0, 10.0)	(98.0, 42.5)	(99.0, 42.5)	(100.0, 8.5)
HNF4_FOXF_R1_MKRN250011210-1A_22MGWFLT4_L3_2	(0.0, 4.0)	(1.0, 5.0)	(2.0, 10.0)	(3.0, 16.5)	(4.0, 21.0)	(5.0, 34.0)	(6.0, 44.0)	(7.0, 61.0)	(8.0, 98.0)	(9.0, 155.0)	(10.0, 268.0)	(11.0, 466.5)	(12.0, 776.0)	(13.0, 1314.0)	(14.0, 2085.5)	(15.0, 3207.5)	(16.0, 4671.5)	(17.0, 6446.5)	(18.0, 8705.5)	(19.0, 12234.5)	(20.0, 18407.0)	(21.0, 31605.0)	(22.0, 44120.5)	(23.0, 50035.5)	(24.0, 62771.0)	(25.0, 77828.5)	(26.0, 94542.0)	(27.0, 119556.0)	(28.0, 153588.0)	(29.0, 182980.5)	(30.0, 201771.5)	(31.0, 233997.5)	(32.0, 282397.5)	(33.0, 307593.5)	(34.0, 322138.5)	(35.0, 341080.0)	(36.0, 346973.5)	(37.0, 341874.5)	(38.0, 329385.5)	(39.0, 316916.0)	(40.0, 295495.5)	(41.0, 267370.0)	(42.0, 236907.0)	(43.0, 206450.0)	(44.0, 178002.0)	(45.0, 148639.0)	(46.0, 121385.5)	(47.0, 99785.5)	(48.0, 79762.5)	(49.0, 62462.5)	(50.0, 49940.0)	(51.0, 38317.0)	(52.0, 29200.5)	(53.0, 23861.5)	(54.0, 19022.0)	(55.0, 14908.0)	(56.0, 11785.0)	(57.0, 9143.0)	(58.0, 7178.0)	(59.0, 5322.5)	(60.0, 3951.5)	(61.0, 3182.0)	(62.0, 2782.0)	(63.0, 2213.5)	(64.0, 1510.0)	(65.0, 1058.0)	(66.0, 737.0)	(67.0, 615.5)	(68.0, 536.0)	(69.0, 423.5)	(70.0, 343.5)	(71.0, 297.0)	(72.0, 249.5)	(73.0, 212.5)	(74.0, 182.0)	(75.0, 152.5)	(76.0, 124.0)	(77.0, 76.5)	(78.0, 61.0)	(79.0, 60.5)	(80.0, 49.5)	(81.0, 37.0)	(82.0, 29.5)	(83.0, 35.0)	(84.0, 35.0)	(85.0, 30.5)	(86.0, 24.5)	(87.0, 19.0)	(88.0, 22.0)	(89.0, 23.0)	(90.0, 20.5)	(91.0, 21.0)	(92.0, 20.0)	(93.0, 18.5)	(94.0, 18.5)	(95.0, 17.0)	(96.0, 18.0)	(97.0, 26.5)	(98.0, 48.5)	(99.0, 84.0)	(100.0, 436.0)
HNF4_FOXF_R1_MKRN250011210-1A_22MVT7LT4_L4_1	(0.0, 11.0)	(1.0, 14.5)	(2.0, 30.5)	(3.0, 40.0)	(4.0, 50.0)	(5.0, 71.5)	(6.0, 103.0)	(7.0, 146.0)	(8.0, 227.0)	(9.0, 368.0)	(10.0, 674.5)	(11.0, 1136.0)	(12.0, 1915.0)	(13.0, 3299.5)	(14.0, 5384.0)	(15.0, 8502.0)	(16.0, 12132.0)	(17.0, 16455.5)	(18.0, 22711.0)	(19.0, 32878.0)	(20.0, 49165.5)	(21.0, 83385.5)	(22.0, 119030.0)	(23.0, 136541.5)	(24.0, 166036.5)	(25.0, 203726.5)	(26.0, 250055.5)	(27.0, 318435.0)	(28.0, 404088.0)	(29.0, 479951.5)	(30.0, 534003.5)	(31.0, 619391.0)	(32.0, 738169.5)	(33.0, 801922.5)	(34.0, 836169.5)	(35.0, 878607.0)	(36.0, 896127.0)	(37.0, 886098.0)	(38.0, 855414.5)	(39.0, 817393.5)	(40.0, 758580.0)	(41.0, 686074.5)	(42.0, 607151.0)	(43.0, 530145.0)	(44.0, 457636.5)	(45.0, 380259.0)	(46.0, 309316.5)	(47.0, 253546.5)	(48.0, 202206.0)	(49.0, 158424.0)	(50.0, 126432.5)	(51.0, 97434.5)	(52.0, 74596.0)	(53.0, 60057.5)	(54.0, 47356.0)	(55.0, 37412.0)	(56.0, 29769.5)	(57.0, 22886.0)	(58.0, 17661.0)	(59.0, 13187.5)	(60.0, 9913.0)	(61.0, 8020.0)	(62.0, 6885.0)	(63.0, 5315.5)	(64.0, 3512.0)	(65.0, 2333.0)	(66.0, 1753.0)	(67.0, 1460.0)	(68.0, 1229.5)	(69.0, 1009.0)	(70.0, 790.5)	(71.0, 672.5)	(72.0, 540.0)	(73.0, 432.0)	(74.0, 367.5)	(75.0, 273.5)	(76.0, 214.0)	(77.0, 168.5)	(78.0, 132.5)	(79.0, 94.5)	(80.0, 65.5)	(81.0, 52.0)	(82.0, 37.0)	(83.0, 32.0)	(84.0, 35.5)	(85.0, 29.0)	(86.0, 11.0)	(87.0, 4.0)	(88.0, 5.5)	(89.0, 4.5)	(90.0, 1.5)	(91.0, 1.0)	(92.0, 2.0)	(93.0, 2.5)	(94.0, 1.0)	(95.0, 1.0)	(96.0, 6.0)	(97.0, 20.5)	(98.0, 94.0)	(99.0, 95.5)	(100.0, 17.5)
HNF4_FOXF_R1_MKRN250011210-1A_22MVT7LT4_L4_2	(0.0, 7.0)	(1.0, 12.0)	(2.0, 24.0)	(3.0, 36.5)	(4.0, 52.5)	(5.0, 89.5)	(6.0, 126.5)	(7.0, 164.0)	(8.0, 260.0)	(9.0, 409.5)	(10.0, 698.5)	(11.0, 1164.0)	(12.0, 1909.5)	(13.0, 3207.0)	(14.0, 5218.5)	(15.0, 8265.5)	(16.0, 11986.5)	(17.0, 16523.0)	(18.0, 23009.5)	(19.0, 32808.5)	(20.0, 48231.5)	(21.0, 81788.5)	(22.0, 115901.0)	(23.0, 132880.5)	(24.0, 164273.0)	(25.0, 203049.0)	(26.0, 248634.5)	(27.0, 315610.0)	(28.0, 402882.0)	(29.0, 478910.5)	(30.0, 529144.5)	(31.0, 611358.5)	(32.0, 734899.0)	(33.0, 803070.5)	(34.0, 840275.0)	(35.0, 886437.5)	(36.0, 902012.0)	(37.0, 888916.5)	(38.0, 858325.0)	(39.0, 821614.0)	(40.0, 761411.5)	(41.0, 689558.5)	(42.0, 611142.0)	(43.0, 531177.5)	(44.0, 456099.5)	(45.0, 380518.5)	(46.0, 310426.5)	(47.0, 253889.0)	(48.0, 201995.0)	(49.0, 157390.5)	(50.0, 125404.5)	(51.0, 96267.5)	(52.0, 73387.5)	(53.0, 59049.0)	(54.0, 46847.5)	(55.0, 36961.0)	(56.0, 29046.5)	(57.0, 22556.0)	(58.0, 17500.0)	(59.0, 12962.0)	(60.0, 9856.5)	(61.0, 7828.5)	(62.0, 6609.0)	(63.0, 5193.5)	(64.0, 3515.0)	(65.0, 2487.0)	(66.0, 1849.0)	(67.0, 1468.5)	(68.0, 1197.5)	(69.0, 986.5)	(70.0, 833.0)	(71.0, 694.5)	(72.0, 558.5)	(73.0, 487.5)	(74.0, 434.0)	(75.0, 351.0)	(76.0, 283.0)	(77.0, 217.0)	(78.0, 173.5)	(79.0, 139.5)	(80.0, 104.0)	(81.0, 77.0)	(82.0, 75.5)	(83.0, 68.5)	(84.0, 55.0)	(85.0, 55.5)	(86.0, 50.5)	(87.0, 42.0)	(88.0, 38.5)	(89.0, 35.5)	(90.0, 37.0)	(91.0, 34.5)	(92.0, 31.0)	(93.0, 36.5)	(94.0, 44.5)	(95.0, 47.5)	(96.0, 47.0)	(97.0, 57.0)	(98.0, 92.0)	(99.0, 166.5)	(100.0, 799.5)
HNF4_FOXF_R2_MKRN250011215-1A_22MVT7LT4_L4_1	(0.0, 3.0)	(1.0, 3.0)	(2.0, 2.5)	(3.0, 8.0)	(4.0, 12.0)	(5.0, 17.0)	(6.0, 30.5)	(7.0, 44.0)	(8.0, 73.5)	(9.0, 151.5)	(10.0, 277.5)	(11.0, 555.0)	(12.0, 1123.0)	(13.0, 2346.5)	(14.0, 4638.5)	(15.0, 8677.5)	(16.0, 14493.0)	(17.0, 21985.0)	(18.0, 35283.5)	(19.0, 55461.0)	(20.0, 86386.0)	(21.0, 171244.5)	(22.0, 263725.5)	(23.0, 310388.0)	(24.0, 397666.0)	(25.0, 508909.0)	(26.0, 645860.0)	(27.0, 843294.0)	(28.0, 1115214.5)	(29.0, 1322911.0)	(30.0, 1399726.0)	(31.0, 1611289.0)	(32.0, 1966744.0)	(33.0, 2122620.0)	(34.0, 2182059.5)	(35.0, 2255942.5)	(36.0, 2242058.5)	(37.0, 2176986.5)	(38.0, 2077491.0)	(39.0, 1973616.5)	(40.0, 1822162.5)	(41.0, 1651109.5)	(42.0, 1466406.5)	(43.0, 1284626.5)	(44.0, 1105387.0)	(45.0, 913546.5)	(46.0, 734497.0)	(47.0, 591055.0)	(48.0, 465206.0)	(49.0, 357892.5)	(50.0, 282828.0)	(51.0, 211786.5)	(52.0, 154388.0)	(53.0, 120150.0)	(54.0, 91844.5)	(55.0, 68641.0)	(56.0, 51763.0)	(57.0, 39038.5)	(58.0, 29519.0)	(59.0, 21822.0)	(60.0, 16953.0)	(61.0, 14949.5)	(62.0, 14446.5)	(63.0, 11760.0)	(64.0, 8126.0)	(65.0, 6237.0)	(66.0, 4907.5)	(67.0, 4138.0)	(68.0, 3617.5)	(69.0, 3120.5)	(70.0, 2579.0)	(71.0, 2083.5)	(72.0, 1648.5)	(73.0, 1344.5)	(74.0, 1035.0)	(75.0, 737.0)	(76.0, 521.5)	(77.0, 381.5)	(78.0, 306.0)	(79.0, 217.5)	(80.0, 152.0)	(81.0, 124.5)	(82.0, 96.5)	(83.0, 77.0)	(84.0, 64.0)	(85.0, 50.0)	(86.0, 25.5)	(87.0, 17.5)	(88.0, 11.0)	(89.0, 5.5)	(90.0, 6.5)	(91.0, 4.5)	(92.0, 2.5)	(93.0, 2.5)	(94.0, 6.0)	(95.0, 7.0)	(96.0, 10.0)	(97.0, 29.0)	(98.0, 84.0)	(99.0, 71.5)	(100.0, 10.0)
HNF4_FOXF_R2_MKRN250011215-1A_22MVT7LT4_L4_2	(0.0, 14.0)	(1.0, 9.0)	(2.0, 3.5)	(3.0, 6.0)	(4.0, 12.0)	(5.0, 14.5)	(6.0, 22.5)	(7.0, 45.5)	(8.0, 75.5)	(9.0, 134.5)	(10.0, 256.0)	(11.0, 504.5)	(12.0, 1002.0)	(13.0, 2167.0)	(14.0, 4537.0)	(15.0, 8719.5)	(16.0, 14915.0)	(17.0, 22590.0)	(18.0, 35977.5)	(19.0, 56121.5)	(20.0, 84380.5)	(21.0, 157525.0)	(22.0, 242548.0)	(23.0, 294000.5)	(24.0, 385658.5)	(25.0, 497636.5)	(26.0, 623207.5)	(27.0, 812542.5)	(28.0, 1090194.5)	(29.0, 1304124.5)	(30.0, 1378196.5)	(31.0, 1564622.5)	(32.0, 1940367.0)	(33.0, 2132968.5)	(34.0, 2216905.5)	(35.0, 2312344.5)	(36.0, 2283500.0)	(37.0, 2193711.5)	(38.0, 2086692.5)	(39.0, 1982676.0)	(40.0, 1826458.5)	(41.0, 1661112.5)	(42.0, 1477457.0)	(43.0, 1291088.5)	(44.0, 1111071.0)	(45.0, 922790.0)	(46.0, 745558.0)	(47.0, 600906.0)	(48.0, 473115.5)	(49.0, 362172.0)	(50.0, 282801.0)	(51.0, 211348.5)	(52.0, 153131.5)	(53.0, 118844.0)	(54.0, 91805.5)	(55.0, 68795.0)	(56.0, 51714.0)	(57.0, 39302.5)	(58.0, 29735.0)	(59.0, 21664.5)	(60.0, 16876.0)	(61.0, 15025.5)	(62.0, 14803.0)	(63.0, 12146.0)	(64.0, 8681.5)	(65.0, 6882.0)	(66.0, 5180.0)	(67.0, 4439.5)	(68.0, 3844.0)	(69.0, 3167.5)	(70.0, 2672.0)	(71.0, 2227.0)	(72.0, 1810.0)	(73.0, 1421.5)	(74.0, 1095.5)	(75.0, 842.0)	(76.0, 678.5)	(77.0, 532.5)	(78.0, 410.0)	(79.0, 343.0)	(80.0, 264.0)	(81.0, 206.0)	(82.0, 203.0)	(83.0, 184.5)	(84.0, 166.0)	(85.0, 153.0)	(86.0, 136.0)	(87.0, 129.0)	(88.0, 112.0)	(89.0, 104.5)	(90.0, 112.5)	(91.0, 116.0)	(92.0, 115.0)	(93.0, 107.5)	(94.0, 115.5)	(95.0, 126.5)	(96.0, 146.0)	(97.0, 216.5)	(98.0, 349.0)	(99.0, 614.0)	(100.0, 2401.5)
HNF4_FOXF_R3_MKRN250011220-1A_22MVT7LT4_L3_1	(0.0, 3.0)	(1.0, 2.0)	(2.0, 7.0)	(3.0, 14.0)	(4.0, 13.0)	(5.0, 17.5)	(6.0, 29.5)	(7.0, 48.5)	(8.0, 95.5)	(9.0, 229.0)	(10.0, 471.0)	(11.0, 900.0)	(12.0, 1819.0)	(13.0, 3684.0)	(14.0, 6944.0)	(15.0, 11993.0)	(16.0, 18447.0)	(17.0, 26869.5)	(18.0, 39324.5)	(19.0, 58795.0)	(20.0, 90143.0)	(21.0, 159211.0)	(22.0, 233905.0)	(23.0, 275106.0)	(24.0, 344210.0)	(25.0, 431937.0)	(26.0, 537755.5)	(27.0, 686609.0)	(28.0, 870431.5)	(29.0, 1033679.0)	(30.0, 1140696.5)	(31.0, 1316600.5)	(32.0, 1578721.0)	(33.0, 1717593.0)	(34.0, 1780067.0)	(35.0, 1863931.0)	(36.0, 1884695.0)	(37.0, 1850816.5)	(38.0, 1789858.5)	(39.0, 1708100.5)	(40.0, 1581881.0)	(41.0, 1428687.5)	(42.0, 1262404.5)	(43.0, 1096454.5)	(44.0, 941547.0)	(45.0, 781407.0)	(46.0, 632285.0)	(47.0, 514286.0)	(48.0, 407845.0)	(49.0, 316997.5)	(50.0, 250905.5)	(51.0, 191140.5)	(52.0, 144814.5)	(53.0, 115005.0)	(54.0, 90442.0)	(55.0, 70786.0)	(56.0, 54797.0)	(57.0, 42039.5)	(58.0, 32083.5)	(59.0, 23458.5)	(60.0, 17149.0)	(61.0, 13289.5)	(62.0, 10914.0)	(63.0, 7713.0)	(64.0, 4292.0)	(65.0, 2674.5)	(66.0, 1822.0)	(67.0, 1206.5)	(68.0, 835.5)	(69.0, 626.5)	(70.0, 411.5)	(71.0, 256.0)	(72.0, 143.5)	(73.0, 85.5)	(74.0, 90.0)	(75.0, 74.5)	(76.0, 38.0)	(77.0, 20.5)	(78.0, 16.0)	(79.0, 14.0)	(80.0, 12.0)	(81.0, 6.5)	(82.0, 5.5)	(83.0, 6.5)	(84.0, 4.0)	(85.0, 2.0)	(86.0, 2.5)	(87.0, 5.5)	(88.0, 5.0)	(89.0, 2.0)	(90.0, 0.5)	(91.0, 2.0)	(92.0, 2.5)	(93.0, 1.5)	(94.0, 1.5)	(95.0, 2.5)	(96.0, 12.5)	(97.0, 29.5)	(98.0, 79.0)	(99.0, 73.5)	(100.0, 13.5)
HNF4_FOXF_R3_MKRN250011220-1A_22MVT7LT4_L3_2	(0.0, 24.0)	(1.0, 20.5)	(2.0, 13.5)	(3.0, 11.0)	(4.0, 17.5)	(5.0, 28.5)	(6.0, 36.5)	(7.0, 46.0)	(8.0, 81.0)	(9.0, 188.0)	(10.0, 386.0)	(11.0, 790.0)	(12.0, 1635.5)	(13.0, 3359.0)	(14.0, 6499.0)	(15.0, 11245.0)	(16.0, 17810.0)	(17.0, 26270.0)	(18.0, 38417.0)	(19.0, 57264.0)	(20.0, 87540.0)	(21.0, 155325.0)	(22.0, 226468.0)	(23.0, 267015.0)	(24.0, 338948.5)	(25.0, 426849.0)	(26.0, 527809.5)	(27.0, 672612.0)	(28.0, 864154.0)	(29.0, 1030459.5)	(30.0, 1127667.5)	(31.0, 1292047.0)	(32.0, 1570788.5)	(33.0, 1721402.5)	(34.0, 1785453.5)	(35.0, 1883858.0)	(36.0, 1901511.0)	(37.0, 1857744.0)	(38.0, 1792739.0)	(39.0, 1711786.5)	(40.0, 1587335.0)	(41.0, 1437202.5)	(42.0, 1270452.0)	(43.0, 1101208.0)	(44.0, 946399.0)	(45.0, 786884.0)	(46.0, 636144.5)	(47.0, 518081.0)	(48.0, 411248.5)	(49.0, 318495.5)	(50.0, 251426.0)	(51.0, 191277.5)	(52.0, 144142.5)	(53.0, 114300.5)	(54.0, 89932.0)	(55.0, 70491.0)	(56.0, 55021.0)	(57.0, 42328.0)	(58.0, 32266.5)	(59.0, 23485.5)	(60.0, 17257.5)	(61.0, 13663.5)	(62.0, 11323.0)	(63.0, 8022.0)	(64.0, 4562.0)	(65.0, 2879.0)	(66.0, 1974.5)	(67.0, 1429.0)	(68.0, 1021.0)	(69.0, 752.0)	(70.0, 544.0)	(71.0, 359.5)	(72.0, 241.5)	(73.0, 199.0)	(74.0, 190.5)	(75.0, 179.0)	(76.0, 158.5)	(77.0, 129.0)	(78.0, 113.5)	(79.0, 107.5)	(80.0, 101.0)	(81.0, 99.5)	(82.0, 93.5)	(83.0, 76.0)	(84.0, 70.5)	(85.0, 83.0)	(86.0, 87.0)	(87.0, 91.0)	(88.0, 89.5)	(89.0, 75.0)	(90.0, 74.0)	(91.0, 72.0)	(92.0, 73.5)	(93.0, 74.5)	(94.0, 83.5)	(95.0, 93.0)	(96.0, 103.5)	(97.0, 146.5)	(98.0, 224.5)	(99.0, 413.5)	(100.0, 1749.0)
HNF4_GFP_R1_MKRN250011208-1A_22MGWFLT4_L3_1	(0.0, 3.0)	(1.0, 3.0)	(2.0, 5.0)	(3.0, 9.0)	(4.0, 16.0)	(5.0, 34.5)	(6.0, 44.5)	(7.0, 53.5)	(8.0, 89.0)	(9.0, 152.5)	(10.0, 262.0)	(11.0, 472.5)	(12.0, 861.5)	(13.0, 1442.5)	(14.0, 2329.5)	(15.0, 3648.5)	(16.0, 5365.0)	(17.0, 7356.0)	(18.0, 10240.5)	(19.0, 14680.0)	(20.0, 20786.0)	(21.0, 34710.0)	(22.0, 50887.5)	(23.0, 59205.0)	(24.0, 71565.0)	(25.0, 89988.5)	(26.0, 111028.0)	(27.0, 138328.5)	(28.0, 174335.0)	(29.0, 206288.5)	(30.0, 229756.0)	(31.0, 264740.0)	(32.0, 315634.5)	(33.0, 342689.5)	(34.0, 354446.0)	(35.0, 371689.5)	(36.0, 379893.5)	(37.0, 380099.5)	(38.0, 369200.0)	(39.0, 351519.0)	(40.0, 325682.5)	(41.0, 293421.5)	(42.0, 257769.5)	(43.0, 224289.5)	(44.0, 193740.0)	(45.0, 161079.0)	(46.0, 130643.5)	(47.0, 106625.0)	(48.0, 84490.5)	(49.0, 65903.0)	(50.0, 52762.0)	(51.0, 40675.5)	(52.0, 31181.0)	(53.0, 25291.5)	(54.0, 20295.0)	(55.0, 16153.5)	(56.0, 12864.5)	(57.0, 10209.5)	(58.0, 7935.5)	(59.0, 5821.5)	(60.0, 4338.0)	(61.0, 3472.5)	(62.0, 2856.5)	(63.0, 2157.5)	(64.0, 1476.0)	(65.0, 986.5)	(66.0, 707.5)	(67.0, 515.5)	(68.0, 449.5)	(69.0, 399.0)	(70.0, 293.0)	(71.0, 217.5)	(72.0, 160.5)	(73.0, 135.0)	(74.0, 129.5)	(75.0, 92.5)	(76.0, 75.5)	(77.0, 62.0)	(78.0, 34.0)	(79.0, 28.5)	(80.0, 22.5)	(81.0, 13.5)	(82.0, 11.5)	(83.0, 7.5)	(84.0, 7.5)	(85.0, 8.0)	(86.0, 6.0)	(87.0, 3.5)	(88.0, 1.5)	(89.0, 2.0)	(90.0, 2.5)	(91.0, 1.0)	(92.0, 0.0)	(93.0, 0.0)	(94.0, 1.0)	(95.0, 2.0)	(96.0, 8.5)	(97.0, 23.5)	(98.0, 103.0)	(99.0, 104.5)	(100.0, 17.5)
HNF4_GFP_R1_MKRN250011208-1A_22MGWFLT4_L3_2	(0.0, 0.0)	(1.0, 2.0)	(2.0, 6.0)	(3.0, 10.0)	(4.0, 20.0)	(5.0, 30.5)	(6.0, 36.0)	(7.0, 59.0)	(8.0, 91.5)	(9.0, 160.5)	(10.0, 292.5)	(11.0, 491.0)	(12.0, 820.5)	(13.0, 1382.0)	(14.0, 2354.5)	(15.0, 3838.5)	(16.0, 5518.0)	(17.0, 7591.0)	(18.0, 10290.5)	(19.0, 14271.5)	(20.0, 20510.0)	(21.0, 33262.0)	(22.0, 47936.5)	(23.0, 56268.5)	(24.0, 69294.5)	(25.0, 87865.0)	(26.0, 108268.5)	(27.0, 134624.5)	(28.0, 171055.5)	(29.0, 204009.5)	(30.0, 226938.0)	(31.0, 259527.5)	(32.0, 311524.5)	(33.0, 341791.0)	(34.0, 356061.0)	(35.0, 375749.0)	(36.0, 381887.0)	(37.0, 380305.0)	(38.0, 371472.5)	(39.0, 354336.5)	(40.0, 327519.5)	(41.0, 296828.5)	(42.0, 261953.5)	(43.0, 227529.0)	(44.0, 195421.0)	(45.0, 162197.0)	(46.0, 131972.5)	(47.0, 108005.0)	(48.0, 86147.0)	(49.0, 66794.5)	(50.0, 53086.0)	(51.0, 40757.5)	(52.0, 31210.5)	(53.0, 25263.0)	(54.0, 20227.0)	(55.0, 16309.0)	(56.0, 13014.5)	(57.0, 10146.0)	(58.0, 7807.5)	(59.0, 5863.5)	(60.0, 4478.0)	(61.0, 3575.5)	(62.0, 2966.5)	(63.0, 2241.5)	(64.0, 1528.0)	(65.0, 1054.5)	(66.0, 783.5)	(67.0, 615.5)	(68.0, 498.5)	(69.0, 380.0)	(70.0, 282.0)	(71.0, 250.0)	(72.0, 220.5)	(73.0, 186.0)	(74.0, 146.5)	(75.0, 120.5)	(76.0, 96.0)	(77.0, 76.0)	(78.0, 51.5)	(79.0, 45.5)	(80.0, 48.5)	(81.0, 42.0)	(82.0, 37.0)	(83.0, 35.5)	(84.0, 31.0)	(85.0, 34.0)	(86.0, 33.0)	(87.0, 33.5)	(88.0, 37.0)	(89.0, 36.0)	(90.0, 28.5)	(91.0, 19.0)	(92.0, 24.0)	(93.0, 25.5)	(94.0, 24.0)	(95.0, 28.0)	(96.0, 31.5)	(97.0, 36.0)	(98.0, 66.0)	(99.0, 136.5)	(100.0, 663.5)
HNF4_GFP_R1_MKRN250011208-1A_22MVT7LT4_L4_1	(0.0, 6.0)	(1.0, 12.0)	(2.0, 19.5)	(3.0, 30.5)	(4.0, 45.0)	(5.0, 60.0)	(6.0, 78.5)	(7.0, 116.0)	(8.0, 193.5)	(9.0, 371.5)	(10.0, 665.5)	(11.0, 1157.5)	(12.0, 2021.5)	(13.0, 3493.5)	(14.0, 5769.0)	(15.0, 9158.5)	(16.0, 13475.0)	(17.0, 18303.0)	(18.0, 25577.0)	(19.0, 36197.0)	(20.0, 51260.5)	(21.0, 84932.5)	(22.0, 125050.0)	(23.0, 147690.0)	(24.0, 178672.5)	(25.0, 223302.0)	(26.0, 276750.0)	(27.0, 346129.0)	(28.0, 433860.5)	(29.0, 513311.0)	(30.0, 574158.0)	(31.0, 662011.0)	(32.0, 782947.0)	(33.0, 850758.0)	(34.0, 884753.5)	(35.0, 925694.5)	(36.0, 943735.5)	(37.0, 942551.5)	(38.0, 914939.0)	(39.0, 871216.0)	(40.0, 807082.0)	(41.0, 725896.0)	(42.0, 638594.5)	(43.0, 556102.0)	(44.0, 478053.5)	(45.0, 396421.5)	(46.0, 319927.5)	(47.0, 259226.0)	(48.0, 207143.5)	(49.0, 162501.0)	(50.0, 129123.0)	(51.0, 99742.0)	(52.0, 76426.0)	(53.0, 61532.5)	(54.0, 49191.5)	(55.0, 38827.0)	(56.0, 30560.5)	(57.0, 24114.0)	(58.0, 18788.0)	(59.0, 13888.0)	(60.0, 10404.5)	(61.0, 8288.0)	(62.0, 6727.5)	(63.0, 4961.0)	(64.0, 3333.5)	(65.0, 2288.0)	(66.0, 1679.5)	(67.0, 1248.0)	(68.0, 959.0)	(69.0, 798.5)	(70.0, 604.5)	(71.0, 448.5)	(72.0, 361.5)	(73.0, 294.0)	(74.0, 261.0)	(75.0, 202.0)	(76.0, 144.0)	(77.0, 119.0)	(78.0, 92.5)	(79.0, 66.5)	(80.0, 44.5)	(81.0, 30.5)	(82.0, 26.5)	(83.0, 26.0)	(84.0, 23.0)	(85.0, 24.0)	(86.0, 18.5)	(87.0, 5.5)	(88.0, 5.5)	(89.0, 6.5)	(90.0, 4.0)	(91.0, 3.5)	(92.0, 2.0)	(93.0, 3.5)	(94.0, 6.5)	(95.0, 9.5)	(96.0, 17.5)	(97.0, 59.5)	(98.0, 222.5)	(99.0, 219.5)	(100.0, 45.5)
HNF4_GFP_R1_MKRN250011208-1A_22MVT7LT4_L4_2	(0.0, 7.0)	(1.0, 11.0)	(2.0, 18.0)	(3.0, 23.5)	(4.0, 43.0)	(5.0, 78.0)	(6.0, 91.5)	(7.0, 135.5)	(8.0, 207.0)	(9.0, 364.0)	(10.0, 653.0)	(11.0, 1134.0)	(12.0, 2012.5)	(13.0, 3424.0)	(14.0, 5649.5)	(15.0, 8984.0)	(16.0, 13395.5)	(17.0, 18522.5)	(18.0, 25436.0)	(19.0, 35700.0)	(20.0, 50798.0)	(21.0, 82031.0)	(22.0, 118444.5)	(23.0, 141057.5)	(24.0, 173499.5)	(25.0, 219333.5)	(26.0, 271305.0)	(27.0, 338160.0)	(28.0, 427894.0)	(29.0, 508589.0)	(30.0, 567460.5)	(31.0, 648833.5)	(32.0, 776317.5)	(33.0, 853921.5)	(34.0, 890549.0)	(35.0, 935351.0)	(36.0, 949719.5)	(37.0, 946401.0)	(38.0, 921408.5)	(39.0, 879106.5)	(40.0, 813670.5)	(41.0, 733600.5)	(42.0, 645476.0)	(43.0, 559393.0)	(44.0, 480377.0)	(45.0, 398850.0)	(46.0, 323234.5)	(47.0, 263161.0)	(48.0, 208664.5)	(49.0, 162031.0)	(50.0, 128300.5)	(51.0, 98332.5)	(52.0, 75024.0)	(53.0, 60311.5)	(54.0, 48606.5)	(55.0, 38577.5)	(56.0, 30555.5)	(57.0, 23760.0)	(58.0, 18258.0)	(59.0, 13738.0)	(60.0, 10296.5)	(61.0, 8256.5)	(62.0, 6759.5)	(63.0, 4922.0)	(64.0, 3392.0)	(65.0, 2366.5)	(66.0, 1681.5)	(67.0, 1313.5)	(68.0, 1052.0)	(69.0, 851.5)	(70.0, 659.0)	(71.0, 548.0)	(72.0, 464.5)	(73.0, 354.5)	(74.0, 270.0)	(75.0, 223.0)	(76.0, 196.5)	(77.0, 184.5)	(78.0, 151.5)	(79.0, 113.5)	(80.0, 100.0)	(81.0, 86.5)	(82.0, 72.5)	(83.0, 64.5)	(84.0, 62.0)	(85.0, 58.5)	(86.0, 61.0)	(87.0, 69.0)	(88.0, 65.5)	(89.0, 49.5)	(90.0, 51.5)	(91.0, 64.0)	(92.0, 65.0)	(93.0, 56.5)	(94.0, 49.5)	(95.0, 58.5)	(96.0, 69.0)	(97.0, 95.0)	(98.0, 155.0)	(99.0, 288.5)	(100.0, 1101.0)
HNF4_GFP_R2_MKRN250011213-1A_22MGWFLT4_L3_1	(0.0, 2.0)	(1.0, 3.0)	(2.0, 4.0)	(3.0, 9.5)	(4.0, 12.5)	(5.0, 13.0)	(6.0, 18.5)	(7.0, 22.0)	(8.0, 35.5)	(9.0, 67.5)	(10.0, 139.5)	(11.0, 260.5)	(12.0, 475.0)	(13.0, 908.5)	(14.0, 1768.5)	(15.0, 2980.5)	(16.0, 4342.0)	(17.0, 6021.5)	(18.0, 8636.5)	(19.0, 12726.5)	(20.0, 18679.0)	(21.0, 35332.5)	(22.0, 54711.5)	(23.0, 62457.5)	(24.0, 74128.5)	(25.0, 92599.5)	(26.0, 114650.5)	(27.0, 143409.5)	(28.0, 186429.0)	(29.0, 221833.5)	(30.0, 238746.0)	(31.0, 274660.5)	(32.0, 334239.0)	(33.0, 360224.0)	(34.0, 369581.5)	(35.0, 383965.0)	(36.0, 386856.5)	(37.0, 385327.5)	(38.0, 372859.5)	(39.0, 358143.0)	(40.0, 333235.0)	(41.0, 302911.0)	(42.0, 270771.5)	(43.0, 240525.5)	(44.0, 214117.5)	(45.0, 185529.5)	(46.0, 158825.5)	(47.0, 138695.0)	(48.0, 121063.0)	(49.0, 106403.5)	(50.0, 96919.5)	(51.0, 87878.0)	(52.0, 81501.0)	(53.0, 76547.0)	(54.0, 70160.5)	(55.0, 64126.0)	(56.0, 57393.5)	(57.0, 50051.5)	(58.0, 42429.0)	(59.0, 34378.0)	(60.0, 27673.0)	(61.0, 21668.5)	(62.0, 16450.5)	(63.0, 12124.0)	(64.0, 8514.0)	(65.0, 5995.0)	(66.0, 4129.0)	(67.0, 2869.0)	(68.0, 1960.5)	(69.0, 1409.0)	(70.0, 1119.5)	(71.0, 887.5)	(72.0, 695.0)	(73.0, 522.5)	(74.0, 383.5)	(75.0, 281.5)	(76.0, 186.0)	(77.0, 149.0)	(78.0, 130.5)	(79.0, 90.5)	(80.0, 66.5)	(81.0, 49.5)	(82.0, 33.0)	(83.0, 25.0)	(84.0, 20.5)	(85.0, 17.0)	(86.0, 10.0)	(87.0, 10.5)	(88.0, 7.5)	(89.0, 1.0)	(90.0, 0.5)	(91.0, 1.0)	(92.0, 1.5)	(93.0, 1.5)	(94.0, 1.0)	(95.0, 0.0)	(96.0, 1.0)	(97.0, 3.5)	(98.0, 9.0)	(99.0, 7.5)	(100.0, 1.0)
HNF4_GFP_R2_MKRN250011213-1A_22MGWFLT4_L3_2	(0.0, 4.0)	(1.0, 3.5)	(2.0, 3.0)	(3.0, 5.5)	(4.0, 10.5)	(5.0, 14.5)	(6.0, 19.5)	(7.0, 26.0)	(8.0, 39.0)	(9.0, 69.5)	(10.0, 135.5)	(11.0, 280.0)	(12.0, 520.5)	(13.0, 969.0)	(14.0, 1747.0)	(15.0, 2884.5)	(16.0, 4362.5)	(17.0, 6246.0)	(18.0, 9021.5)	(19.0, 12885.0)	(20.0, 18635.5)	(21.0, 33998.5)	(22.0, 51218.5)	(23.0, 58456.5)	(24.0, 70930.0)	(25.0, 90322.5)	(26.0, 112367.0)	(27.0, 140672.0)	(28.0, 184340.5)	(29.0, 220071.5)	(30.0, 236554.0)	(31.0, 269114.5)	(32.0, 328677.5)	(33.0, 357930.0)	(34.0, 371372.5)	(35.0, 390049.5)	(36.0, 391065.5)	(37.0, 387456.0)	(38.0, 374625.5)	(39.0, 358591.5)	(40.0, 333456.0)	(41.0, 304432.0)	(42.0, 273109.0)	(43.0, 242699.0)	(44.0, 215786.0)	(45.0, 187172.5)	(46.0, 160829.0)	(47.0, 140635.0)	(48.0, 122250.5)	(49.0, 106681.0)	(50.0, 96965.5)	(51.0, 88463.5)	(52.0, 81677.0)	(53.0, 76707.0)	(54.0, 71077.0)	(55.0, 64832.0)	(56.0, 57676.5)	(57.0, 49696.5)	(58.0, 41887.5)	(59.0, 34442.0)	(60.0, 27507.5)	(61.0, 21384.5)	(62.0, 16106.0)	(63.0, 11837.0)	(64.0, 8854.0)	(65.0, 6524.0)	(66.0, 4549.5)	(67.0, 3073.0)	(68.0, 2207.0)	(69.0, 1547.5)	(70.0, 1113.5)	(71.0, 959.5)	(72.0, 754.0)	(73.0, 529.0)	(74.0, 384.0)	(75.0, 319.5)	(76.0, 276.5)	(77.0, 236.0)	(78.0, 194.0)	(79.0, 163.5)	(80.0, 123.5)	(81.0, 90.0)	(82.0, 71.0)	(83.0, 64.5)	(84.0, 62.0)	(85.0, 56.5)	(86.0, 52.5)	(87.0, 51.0)	(88.0, 50.0)	(89.0, 44.5)	(90.0, 45.5)	(91.0, 47.5)	(92.0, 45.0)	(93.0, 45.0)	(94.0, 48.0)	(95.0, 53.0)	(96.0, 66.0)	(97.0, 84.0)	(98.0, 124.0)	(99.0, 265.0)	(100.0, 1128.0)
HNF4_GFP_R2_MKRN250011213-1A_22MVT7LT4_L4_1	(0.0, 3.0)	(1.0, 3.5)	(2.0, 5.0)	(3.0, 9.5)	(4.0, 15.0)	(5.0, 15.5)	(6.0, 27.0)	(7.0, 44.5)	(8.0, 72.0)	(9.0, 122.0)	(10.0, 251.0)	(11.0, 530.5)	(12.0, 988.5)	(13.0, 1819.5)	(14.0, 3190.5)	(15.0, 5476.5)	(16.0, 8456.0)	(17.0, 11744.5)	(18.0, 16553.0)	(19.0, 24107.5)	(20.0, 35922.5)	(21.0, 68170.0)	(22.0, 105510.0)	(23.0, 122218.5)	(24.0, 145465.5)	(25.0, 180759.5)	(26.0, 225924.0)	(27.0, 285456.5)	(28.0, 369038.5)	(29.0, 436950.0)	(30.0, 471418.5)	(31.0, 543395.5)	(32.0, 656408.0)	(33.0, 705639.5)	(34.0, 724967.0)	(35.0, 752958.5)	(36.0, 759186.5)	(37.0, 756233.5)	(38.0, 730919.0)	(39.0, 699383.0)	(40.0, 650991.5)	(41.0, 592382.0)	(42.0, 530741.5)	(43.0, 471214.5)	(44.0, 417663.0)	(45.0, 361484.0)	(46.0, 308222.5)	(47.0, 268064.5)	(48.0, 234263.5)	(49.0, 205484.5)	(50.0, 186807.5)	(51.0, 170012.0)	(52.0, 156582.5)	(53.0, 146822.5)	(54.0, 135450.0)	(55.0, 122546.5)	(56.0, 108722.5)	(57.0, 94409.5)	(58.0, 79792.0)	(59.0, 64712.5)	(60.0, 51513.5)	(61.0, 40303.0)	(62.0, 30617.0)	(63.0, 22376.0)	(64.0, 15844.0)	(65.0, 11179.5)	(66.0, 7667.0)	(67.0, 5303.0)	(68.0, 3614.5)	(69.0, 2542.5)	(70.0, 1922.0)	(71.0, 1532.5)	(72.0, 1176.0)	(73.0, 851.0)	(74.0, 641.0)	(75.0, 482.5)	(76.0, 322.0)	(77.0, 249.5)	(78.0, 199.5)	(79.0, 138.5)	(80.0, 97.0)	(81.0, 70.5)	(82.0, 46.5)	(83.0, 29.5)	(84.0, 24.5)	(85.0, 15.0)	(86.0, 10.5)	(87.0, 12.5)	(88.0, 13.0)	(89.0, 8.5)	(90.0, 1.5)	(91.0, 1.5)	(92.0, 1.0)	(93.0, 1.5)	(94.0, 3.5)	(95.0, 4.0)	(96.0, 6.0)	(97.0, 7.0)	(98.0, 17.5)	(99.0, 18.5)	(100.0, 5.0)
HNF4_GFP_R2_MKRN250011213-1A_22MVT7LT4_L4_2	(0.0, 7.0)	(1.0, 7.0)	(2.0, 9.5)	(3.0, 13.0)	(4.0, 20.0)	(5.0, 28.5)	(6.0, 34.0)	(7.0, 55.0)	(8.0, 88.5)	(9.0, 135.5)	(10.0, 254.5)	(11.0, 530.0)	(12.0, 963.5)	(13.0, 1810.0)	(14.0, 3348.0)	(15.0, 5628.5)	(16.0, 8667.0)	(17.0, 12304.0)	(18.0, 17630.5)	(19.0, 25109.0)	(20.0, 36410.0)	(21.0, 66046.5)	(22.0, 99103.5)	(23.0, 114882.5)	(24.0, 140859.5)	(25.0, 178247.0)	(26.0, 220285.0)	(27.0, 277028.0)	(28.0, 362265.5)	(29.0, 432877.0)	(30.0, 467596.5)	(31.0, 532218.0)	(32.0, 646512.0)	(33.0, 705511.0)	(34.0, 734369.5)	(35.0, 768236.5)	(36.0, 769550.5)	(37.0, 759727.5)	(38.0, 733305.0)	(39.0, 701494.5)	(40.0, 651655.0)	(41.0, 595334.0)	(42.0, 534800.0)	(43.0, 473840.0)	(44.0, 419618.5)	(45.0, 363176.0)	(46.0, 310766.0)	(47.0, 271468.5)	(48.0, 237056.0)	(49.0, 206917.0)	(50.0, 187054.0)	(51.0, 171009.5)	(52.0, 157042.5)	(53.0, 146497.0)	(54.0, 135644.0)	(55.0, 122696.5)	(56.0, 107948.0)	(57.0, 92962.0)	(58.0, 78826.5)	(59.0, 64272.0)	(60.0, 50609.0)	(61.0, 39562.0)	(62.0, 29962.5)	(63.0, 21871.5)	(64.0, 15904.5)	(65.0, 11458.5)	(66.0, 7919.5)	(67.0, 5334.5)	(68.0, 3800.0)	(69.0, 2675.0)	(70.0, 1958.5)	(71.0, 1570.0)	(72.0, 1249.5)	(73.0, 959.5)	(74.0, 712.0)	(75.0, 556.0)	(76.0, 432.5)	(77.0, 348.5)	(78.0, 314.5)	(79.0, 240.5)	(80.0, 175.5)	(81.0, 152.0)	(82.0, 134.0)	(83.0, 118.0)	(84.0, 101.5)	(85.0, 96.0)	(86.0, 82.0)	(87.0, 78.5)	(88.0, 77.0)	(89.0, 83.5)	(90.0, 79.0)	(91.0, 80.0)	(92.0, 84.0)	(93.0, 74.5)	(94.0, 80.5)	(95.0, 100.5)	(96.0, 111.0)	(97.0, 145.5)	(98.0, 251.0)	(99.0, 434.5)	(100.0, 1573.5)
HNF4_GFP_R3_MKRN250011218-1A_22MVT7LT4_L4_1	(0.0, 2.0)	(1.0, 1.5)	(2.0, 1.5)	(3.0, 5.0)	(4.0, 7.0)	(5.0, 6.0)	(6.0, 13.5)	(7.0, 29.5)	(8.0, 51.5)	(9.0, 95.5)	(10.0, 202.5)	(11.0, 501.5)	(12.0, 1112.0)	(13.0, 2566.0)	(14.0, 5465.0)	(15.0, 10877.0)	(16.0, 19684.0)	(17.0, 32686.5)	(18.0, 53415.5)	(19.0, 86558.5)	(20.0, 139914.5)	(21.0, 255779.5)	(22.0, 388794.5)	(23.0, 482861.0)	(24.0, 634308.5)	(25.0, 823625.0)	(26.0, 1049193.5)	(27.0, 1349981.0)	(28.0, 1720462.0)	(29.0, 2076235.0)	(30.0, 2348506.5)	(31.0, 2734539.0)	(32.0, 3272199.5)	(33.0, 3610018.0)	(34.0, 3792502.5)	(35.0, 4004838.0)	(36.0, 4107105.0)	(37.0, 4093005.0)	(38.0, 3999097.0)	(39.0, 3828792.5)	(40.0, 3560976.0)	(41.0, 3220205.5)	(42.0, 2836452.0)	(43.0, 2454160.0)	(44.0, 2106031.0)	(45.0, 1750211.0)	(46.0, 1418292.5)	(47.0, 1160518.5)	(48.0, 928631.5)	(49.0, 727238.5)	(50.0, 576633.0)	(51.0, 443871.0)	(52.0, 341099.0)	(53.0, 273286.0)	(54.0, 218178.0)	(55.0, 172252.0)	(56.0, 135368.0)	(57.0, 105350.0)	(58.0, 80816.0)	(59.0, 59574.5)	(60.0, 44305.5)	(61.0, 33991.0)	(62.0, 26905.0)	(63.0, 18628.0)	(64.0, 10571.5)	(65.0, 6795.5)	(66.0, 4735.5)	(67.0, 3246.0)	(68.0, 2294.5)	(69.0, 1685.5)	(70.0, 1077.5)	(71.0, 655.0)	(72.0, 387.0)	(73.0, 248.0)	(74.0, 256.0)	(75.0, 174.5)	(76.0, 68.5)	(77.0, 44.0)	(78.0, 39.5)	(79.0, 28.5)	(80.0, 21.0)	(81.0, 24.0)	(82.0, 18.5)	(83.0, 12.0)	(84.0, 18.5)	(85.0, 18.0)	(86.0, 9.0)	(87.0, 5.5)	(88.0, 4.5)	(89.0, 4.5)	(90.0, 2.5)	(91.0, 2.0)	(92.0, 2.5)	(93.0, 7.5)	(94.0, 12.5)	(95.0, 12.5)	(96.0, 21.5)	(97.0, 40.0)	(98.0, 90.5)	(99.0, 76.5)	(100.0, 13.5)
HNF4_GFP_R3_MKRN250011218-1A_22MVT7LT4_L4_2	(0.0, 1.0)	(1.0, 1.0)	(2.0, 2.0)	(3.0, 3.5)	(4.0, 8.5)	(5.0, 15.5)	(6.0, 18.5)	(7.0, 23.5)	(8.0, 41.0)	(9.0, 98.5)	(10.0, 189.5)	(11.0, 411.0)	(12.0, 966.0)	(13.0, 2289.0)	(14.0, 5008.0)	(15.0, 10250.5)	(16.0, 18966.0)	(17.0, 31746.5)	(18.0, 52327.5)	(19.0, 84737.5)	(20.0, 136872.5)	(21.0, 245791.0)	(22.0, 373136.5)	(23.0, 470455.0)	(24.0, 626264.0)	(25.0, 816487.0)	(26.0, 1034786.0)	(27.0, 1326909.0)	(28.0, 1707452.5)	(29.0, 2069687.5)	(30.0, 2327319.0)	(31.0, 2695060.5)	(32.0, 3254447.5)	(33.0, 3613900.0)	(34.0, 3812555.0)	(35.0, 4055606.0)	(36.0, 4143436.5)	(37.0, 4098637.5)	(38.0, 4003594.5)	(39.0, 3848094.5)	(40.0, 3580750.0)	(41.0, 3240630.0)	(42.0, 2855857.0)	(43.0, 2463952.0)	(44.0, 2110215.5)	(45.0, 1753036.0)	(46.0, 1421207.0)	(47.0, 1162198.5)	(48.0, 927930.5)	(49.0, 723731.0)	(50.0, 572739.5)	(51.0, 439534.0)	(52.0, 336513.0)	(53.0, 269491.0)	(54.0, 214555.5)	(55.0, 170066.0)	(56.0, 133588.0)	(57.0, 103673.0)	(58.0, 79637.5)	(59.0, 58484.5)	(60.0, 43423.0)	(61.0, 33869.5)	(62.0, 26892.0)	(63.0, 18627.0)	(64.0, 10892.0)	(65.0, 6980.0)	(66.0, 4857.5)	(67.0, 3371.0)	(68.0, 2414.5)	(69.0, 1756.0)	(70.0, 1232.5)	(71.0, 831.5)	(72.0, 561.0)	(73.0, 436.0)	(74.0, 403.0)	(75.0, 333.0)	(76.0, 245.5)	(77.0, 203.5)	(78.0, 193.5)	(79.0, 184.5)	(80.0, 169.5)	(81.0, 154.5)	(82.0, 150.0)	(83.0, 130.0)	(84.0, 142.0)	(85.0, 146.5)	(86.0, 129.5)	(87.0, 130.0)	(88.0, 118.0)	(89.0, 107.0)	(90.0, 112.5)	(91.0, 118.5)	(92.0, 111.5)	(93.0, 114.0)	(94.0, 122.0)	(95.0, 127.5)	(96.0, 149.0)	(97.0, 203.0)	(98.0, 324.0)	(99.0, 594.5)	(100.0, 2341.5)
HNF4_NKX_R1_MKRN250011209-1A_22MGWFLT4_L3_1	(0.0, 1.0)	(1.0, 2.5)	(2.0, 4.0)	(3.0, 6.0)	(4.0, 7.0)	(5.0, 12.0)	(6.0, 22.5)	(7.0, 43.5)	(8.0, 79.0)	(9.0, 150.5)	(10.0, 262.5)	(11.0, 444.0)	(12.0, 768.0)	(13.0, 1387.5)	(14.0, 2386.0)	(15.0, 3851.5)	(16.0, 5718.5)	(17.0, 8121.0)	(18.0, 11556.5)	(19.0, 16313.5)	(20.0, 23613.5)	(21.0, 39576.5)	(22.0, 57944.5)	(23.0, 67863.0)	(24.0, 81452.0)	(25.0, 101744.0)	(26.0, 125659.5)	(27.0, 154137.5)	(28.0, 193263.5)	(29.0, 230527.5)	(30.0, 255040.5)	(31.0, 292989.0)	(32.0, 348965.5)	(33.0, 379799.0)	(34.0, 393606.5)	(35.0, 411834.0)	(36.0, 420744.0)	(37.0, 419385.0)	(38.0, 405477.0)	(39.0, 386263.0)	(40.0, 358861.5)	(41.0, 323003.5)	(42.0, 284805.5)	(43.0, 248148.5)	(44.0, 213177.0)	(45.0, 177894.5)	(46.0, 144878.0)	(47.0, 118864.0)	(48.0, 96383.0)	(49.0, 76951.5)	(50.0, 62679.5)	(51.0, 49484.5)	(52.0, 39826.0)	(53.0, 33068.0)	(54.0, 26996.5)	(55.0, 22585.0)	(56.0, 18584.5)	(57.0, 14863.0)	(58.0, 11679.0)	(59.0, 9085.5)	(60.0, 7094.0)	(61.0, 5620.0)	(62.0, 4424.5)	(63.0, 3307.0)	(64.0, 2346.5)	(65.0, 1672.0)	(66.0, 1284.5)	(67.0, 1022.0)	(68.0, 781.5)	(69.0, 711.5)	(70.0, 595.5)	(71.0, 491.0)	(72.0, 475.0)	(73.0, 393.5)	(74.0, 342.0)	(75.0, 285.5)	(76.0, 218.0)	(77.0, 172.0)	(78.0, 130.5)	(79.0, 108.5)	(80.0, 88.0)	(81.0, 62.5)	(82.0, 32.0)	(83.0, 23.0)	(84.0, 22.5)	(85.0, 16.0)	(86.0, 8.5)	(87.0, 5.0)	(88.0, 5.5)	(89.0, 3.0)	(90.0, 1.5)	(91.0, 0.5)	(92.0, 0.5)	(93.0, 1.0)	(94.0, 0.5)	(95.0, 1.0)	(96.0, 3.5)	(97.0, 14.5)	(98.0, 86.5)	(99.0, 87.5)	(100.0, 13.5)
HNF4_NKX_R1_MKRN250011209-1A_22MGWFLT4_L3_2	(0.0, 1.0)	(1.0, 3.5)	(2.0, 6.0)	(3.0, 6.5)	(4.0, 11.0)	(5.0, 19.5)	(6.0, 29.0)	(7.0, 46.5)	(8.0, 75.0)	(9.0, 142.5)	(10.0, 266.0)	(11.0, 458.0)	(12.0, 777.5)	(13.0, 1381.5)	(14.0, 2364.0)	(15.0, 3788.5)	(16.0, 5628.0)	(17.0, 7946.5)	(18.0, 11269.0)	(19.0, 16064.0)	(20.0, 23094.5)	(21.0, 37707.0)	(22.0, 54887.5)	(23.0, 65458.5)	(24.0, 79816.5)	(25.0, 99795.0)	(26.0, 122835.0)	(27.0, 151040.5)	(28.0, 190718.0)	(29.0, 227597.0)	(30.0, 251910.0)	(31.0, 288619.5)	(32.0, 345968.5)	(33.0, 378948.0)	(34.0, 394207.5)	(35.0, 414340.5)	(36.0, 422200.5)	(37.0, 420735.5)	(38.0, 408571.5)	(39.0, 390012.0)	(40.0, 360787.0)	(41.0, 324426.5)	(42.0, 286568.0)	(43.0, 251155.5)	(44.0, 216501.5)	(45.0, 179396.0)	(46.0, 146093.5)	(47.0, 120416.5)	(48.0, 98292.0)	(49.0, 77865.5)	(50.0, 62343.5)	(51.0, 49435.5)	(52.0, 39711.5)	(53.0, 33072.0)	(54.0, 27292.5)	(55.0, 22787.0)	(56.0, 18910.5)	(57.0, 15084.5)	(58.0, 11876.5)	(59.0, 9230.0)	(60.0, 7081.0)	(61.0, 5711.5)	(62.0, 4604.5)	(63.0, 3310.5)	(64.0, 2378.0)	(65.0, 1772.5)	(66.0, 1277.5)	(67.0, 1036.0)	(68.0, 918.0)	(69.0, 825.0)	(70.0, 659.5)	(71.0, 545.0)	(72.0, 472.5)	(73.0, 415.0)	(74.0, 366.5)	(75.0, 304.5)	(76.0, 240.5)	(77.0, 191.5)	(78.0, 166.5)	(79.0, 143.5)	(80.0, 104.5)	(81.0, 82.0)	(82.0, 75.0)	(83.0, 57.5)	(84.0, 38.0)	(85.0, 36.5)	(86.0, 34.0)	(87.0, 31.5)	(88.0, 26.0)	(89.0, 22.0)	(90.0, 26.5)	(91.0, 30.5)	(92.0, 28.5)	(93.0, 26.5)	(94.0, 27.0)	(95.0, 34.0)	(96.0, 34.5)	(97.0, 48.5)	(98.0, 80.0)	(99.0, 142.5)	(100.0, 745.5)
HNF4_NKX_R1_MKRN250011209-1A_22MVT7LT4_L4_1	(0.0, 9.0)	(1.0, 10.0)	(2.0, 13.5)	(3.0, 23.5)	(4.0, 27.5)	(5.0, 33.0)	(6.0, 52.5)	(7.0, 89.5)	(8.0, 167.5)	(9.0, 324.5)	(10.0, 588.5)	(11.0, 1067.5)	(12.0, 1860.5)	(13.0, 3255.0)	(14.0, 5450.0)	(15.0, 8607.0)	(16.0, 12879.5)	(17.0, 18506.0)	(18.0, 26486.5)	(19.0, 37430.0)	(20.0, 54065.5)	(21.0, 89582.0)	(22.0, 132335.0)	(23.0, 157697.5)	(24.0, 189013.0)	(25.0, 234822.0)	(26.0, 290697.5)	(27.0, 359320.5)	(28.0, 448694.5)	(29.0, 531382.0)	(30.0, 590530.0)	(31.0, 682159.0)	(32.0, 807818.5)	(33.0, 875380.5)	(34.0, 908641.0)	(35.0, 949809.0)	(36.0, 968672.5)	(37.0, 965825.0)	(38.0, 935569.0)	(39.0, 889325.0)	(40.0, 824311.5)	(41.0, 741624.5)	(42.0, 652931.0)	(43.0, 568976.5)	(44.0, 488237.5)	(45.0, 405442.5)	(46.0, 328074.5)	(47.0, 269082.5)	(48.0, 218878.5)	(49.0, 174065.0)	(50.0, 140975.5)	(51.0, 111280.5)	(52.0, 88700.0)	(53.0, 73163.0)	(54.0, 59915.5)	(55.0, 50157.5)	(56.0, 41244.0)	(57.0, 32910.0)	(58.0, 25980.0)	(59.0, 20167.5)	(60.0, 15336.0)	(61.0, 12008.0)	(62.0, 9574.0)	(63.0, 7038.5)	(64.0, 4857.5)	(65.0, 3451.5)	(66.0, 2707.5)	(67.0, 2210.5)	(68.0, 1653.5)	(69.0, 1442.5)	(70.0, 1249.5)	(71.0, 1047.0)	(72.0, 968.0)	(73.0, 783.0)	(74.0, 680.0)	(75.0, 582.5)	(76.0, 444.5)	(77.0, 356.5)	(78.0, 261.0)	(79.0, 204.5)	(80.0, 184.0)	(81.0, 131.0)	(82.0, 72.5)	(83.0, 51.5)	(84.0, 35.0)	(85.0, 21.0)	(86.0, 13.0)	(87.0, 8.5)	(88.0, 5.0)	(89.0, 3.0)	(90.0, 2.5)	(91.0, 3.5)	(92.0, 4.0)	(93.0, 5.5)	(94.0, 8.5)	(95.0, 11.5)	(96.0, 22.0)	(97.0, 53.5)	(98.0, 193.0)	(99.0, 186.0)	(100.0, 31.5)
HNF4_NKX_R1_MKRN250011209-1A_22MVT7LT4_L4_2	(0.0, 17.0)	(1.0, 12.5)	(2.0, 15.0)	(3.0, 22.0)	(4.0, 25.0)	(5.0, 40.0)	(6.0, 51.5)	(7.0, 98.5)	(8.0, 176.0)	(9.0, 311.5)	(10.0, 552.5)	(11.0, 991.0)	(12.0, 1780.5)	(13.0, 3152.5)	(14.0, 5391.0)	(15.0, 8487.0)	(16.0, 12876.5)	(17.0, 18361.5)	(18.0, 26061.5)	(19.0, 37339.5)	(20.0, 54156.0)	(21.0, 87796.0)	(22.0, 126485.5)	(23.0, 151566.5)	(24.0, 185178.5)	(25.0, 231170.0)	(26.0, 284587.0)	(27.0, 350944.0)	(28.0, 441950.0)	(29.0, 525960.5)	(30.0, 584500.0)	(31.0, 671371.0)	(32.0, 800921.5)	(33.0, 875819.0)	(34.0, 912877.0)	(35.0, 958964.5)	(36.0, 976243.0)	(37.0, 970837.5)	(38.0, 942269.5)	(39.0, 897955.5)	(40.0, 829334.0)	(41.0, 745469.5)	(42.0, 656523.5)	(43.0, 571240.5)	(44.0, 490383.0)	(45.0, 408316.5)	(46.0, 333033.0)	(47.0, 272445.5)	(48.0, 220929.0)	(49.0, 175467.5)	(50.0, 139764.5)	(51.0, 109797.5)	(52.0, 87872.5)	(53.0, 73177.0)	(54.0, 60307.5)	(55.0, 49937.0)	(56.0, 41025.5)	(57.0, 32546.5)	(58.0, 25650.5)	(59.0, 20017.0)	(60.0, 15159.5)	(61.0, 11871.5)	(62.0, 9577.0)	(63.0, 7012.0)	(64.0, 5022.5)	(65.0, 3689.0)	(66.0, 2788.5)	(67.0, 2267.0)	(68.0, 1820.5)	(69.0, 1576.5)	(70.0, 1322.0)	(71.0, 1131.0)	(72.0, 975.0)	(73.0, 835.0)	(74.0, 753.0)	(75.0, 629.5)	(76.0, 519.5)	(77.0, 409.0)	(78.0, 308.5)	(79.0, 266.0)	(80.0, 216.0)	(81.0, 152.0)	(82.0, 122.0)	(83.0, 109.5)	(84.0, 90.5)	(85.0, 69.0)	(86.0, 51.5)	(87.0, 52.5)	(88.0, 55.0)	(89.0, 48.0)	(90.0, 44.0)	(91.0, 44.0)	(92.0, 39.0)	(93.0, 45.0)	(94.0, 53.5)	(95.0, 49.0)	(96.0, 64.0)	(97.0, 93.5)	(98.0, 160.5)	(99.0, 290.0)	(100.0, 1046.5)
HNF4_NKX_R2_MKRN250011214-1A_22MVT7LT4_L4_1	(0.0, 5.0)	(1.0, 7.5)	(2.0, 13.0)	(3.0, 14.5)	(4.0, 22.5)	(5.0, 41.0)	(6.0, 56.0)	(7.0, 82.5)	(8.0, 159.0)	(9.0, 319.0)	(10.0, 633.0)	(11.0, 1254.5)	(12.0, 2460.5)	(13.0, 5284.0)	(14.0, 10132.5)	(15.0, 17612.0)	(16.0, 28576.5)	(17.0, 43683.5)	(18.0, 67644.5)	(19.0, 105705.0)	(20.0, 165886.0)	(21.0, 306123.5)	(22.0, 477256.5)	(23.0, 596835.0)	(24.0, 787510.5)	(25.0, 1030457.0)	(26.0, 1322485.0)	(27.0, 1733716.0)	(28.0, 2279815.0)	(29.0, 2749304.5)	(30.0, 3058847.0)	(31.0, 3589860.0)	(32.0, 4321476.5)	(33.0, 4755205.0)	(34.0, 5029615.0)	(35.0, 5304980.5)	(36.0, 5435843.5)	(37.0, 5418483.0)	(38.0, 5267482.0)	(39.0, 5054789.0)	(40.0, 4707491.0)	(41.0, 4266150.5)	(42.0, 3775873.0)	(43.0, 3291063.5)	(44.0, 2827445.5)	(45.0, 2350663.0)	(46.0, 1905780.0)	(47.0, 1552015.0)	(48.0, 1238409.0)	(49.0, 966353.5)	(50.0, 765910.0)	(51.0, 591548.0)	(52.0, 461055.0)	(53.0, 371976.5)	(54.0, 296179.5)	(55.0, 234086.5)	(56.0, 183308.0)	(57.0, 141855.0)	(58.0, 108240.0)	(59.0, 79274.0)	(60.0, 58477.5)	(61.0, 44872.0)	(62.0, 35342.5)	(63.0, 25221.5)	(64.0, 15430.0)	(65.0, 9649.0)	(66.0, 6082.5)	(67.0, 4041.5)	(68.0, 2778.5)	(69.0, 2054.5)	(70.0, 1358.5)	(71.0, 796.0)	(72.0, 451.0)	(73.0, 303.5)	(74.0, 296.0)	(75.0, 215.0)	(76.0, 105.0)	(77.0, 58.5)	(78.0, 42.0)	(79.0, 36.0)	(80.0, 30.0)	(81.0, 24.5)	(82.0, 23.5)	(83.0, 21.5)	(84.0, 21.5)	(85.0, 17.5)	(86.0, 13.0)	(87.0, 8.5)	(88.0, 4.5)	(89.0, 2.5)	(90.0, 5.5)	(91.0, 6.5)	(92.0, 8.0)	(93.0, 13.0)	(94.0, 16.5)	(95.0, 25.5)	(96.0, 39.5)	(97.0, 98.0)	(98.0, 396.0)	(99.0, 379.0)	(100.0, 60.0)
HNF4_NKX_R2_MKRN250011214-1A_22MVT7LT4_L4_2	(0.0, 4.0)	(1.0, 9.0)	(2.0, 16.5)	(3.0, 14.5)	(4.0, 15.5)	(5.0, 29.5)	(6.0, 49.0)	(7.0, 84.0)	(8.0, 148.5)	(9.0, 295.0)	(10.0, 580.5)	(11.0, 1250.5)	(12.0, 2448.5)	(13.0, 4943.0)	(14.0, 9593.0)	(15.0, 17401.5)	(16.0, 28536.0)	(17.0, 43554.0)	(18.0, 67813.5)	(19.0, 105332.0)	(20.0, 164308.0)	(21.0, 300745.0)	(22.0, 462553.5)	(23.0, 580218.5)	(24.0, 779092.0)	(25.0, 1022774.5)	(26.0, 1305175.5)	(27.0, 1712537.5)	(28.0, 2267608.5)	(29.0, 2736624.5)	(30.0, 3033299.0)	(31.0, 3540800.0)	(32.0, 4292445.0)	(33.0, 4753404.5)	(34.0, 5045223.5)	(35.0, 5340793.0)	(36.0, 5456644.0)	(37.0, 5424060.0)	(38.0, 5282892.0)	(39.0, 5080876.0)	(40.0, 4726364.0)	(41.0, 4288661.0)	(42.0, 3799706.5)	(43.0, 3305382.5)	(44.0, 2836743.0)	(45.0, 2361903.0)	(46.0, 1917058.0)	(47.0, 1559705.0)	(48.0, 1241588.5)	(49.0, 965820.5)	(50.0, 761370.0)	(51.0, 587010.5)	(52.0, 456673.5)	(53.0, 367529.5)	(54.0, 292557.5)	(55.0, 230994.0)	(56.0, 181182.0)	(57.0, 139798.0)	(58.0, 106046.0)	(59.0, 77850.0)	(60.0, 57695.0)	(61.0, 44459.0)	(62.0, 35345.5)	(63.0, 25323.5)	(64.0, 15482.0)	(65.0, 9959.0)	(66.0, 6529.5)	(67.0, 4425.0)	(68.0, 3107.5)	(69.0, 2289.5)	(70.0, 1610.0)	(71.0, 1120.0)	(72.0, 781.0)	(73.0, 608.0)	(74.0, 599.0)	(75.0, 502.0)	(76.0, 366.5)	(77.0, 328.5)	(78.0, 311.5)	(79.0, 296.5)	(80.0, 284.5)	(81.0, 273.0)	(82.0, 258.5)	(83.0, 240.0)	(84.0, 223.0)	(85.0, 220.5)	(86.0, 231.0)	(87.0, 228.5)	(88.0, 227.0)	(89.0, 214.5)	(90.0, 207.5)	(91.0, 208.0)	(92.0, 214.0)	(93.0, 222.0)	(94.0, 216.5)	(95.0, 219.5)	(96.0, 263.5)	(97.0, 392.5)	(98.0, 631.0)	(99.0, 1129.0)	(100.0, 4272.5)
HNF4_NKX_R3_MKRN250011219-1A_22MVT7LT4_L4_1	(0.0, 1.0)	(1.0, 0.5)	(2.0, 1.5)	(3.0, 7.0)	(4.0, 9.5)	(5.0, 9.0)	(6.0, 15.5)	(7.0, 29.5)	(8.0, 41.0)	(9.0, 83.0)	(10.0, 171.5)	(11.0, 339.5)	(12.0, 724.5)	(13.0, 1560.0)	(14.0, 3022.5)	(15.0, 5329.0)	(16.0, 8966.0)	(17.0, 13915.0)	(18.0, 21717.0)	(19.0, 34204.5)	(20.0, 53869.5)	(21.0, 96552.0)	(22.0, 146466.0)	(23.0, 178971.0)	(24.0, 229669.5)	(25.0, 294481.0)	(26.0, 370404.5)	(27.0, 473552.5)	(28.0, 604495.0)	(29.0, 728337.5)	(30.0, 819921.5)	(31.0, 957552.0)	(32.0, 1150715.0)	(33.0, 1265481.0)	(34.0, 1330545.0)	(35.0, 1407871.0)	(36.0, 1439719.0)	(37.0, 1425230.0)	(38.0, 1384292.5)	(39.0, 1327408.5)	(40.0, 1234699.0)	(41.0, 1114592.0)	(42.0, 981793.0)	(43.0, 849711.5)	(44.0, 725173.0)	(45.0, 599133.0)	(46.0, 484071.5)	(47.0, 393908.0)	(48.0, 314520.0)	(49.0, 245637.0)	(50.0, 194461.0)	(51.0, 149278.0)	(52.0, 114713.0)	(53.0, 92165.5)	(54.0, 73062.0)	(55.0, 57435.5)	(56.0, 44951.5)	(57.0, 34593.0)	(58.0, 26480.0)	(59.0, 19385.0)	(60.0, 14221.0)	(61.0, 11045.0)	(62.0, 8897.5)	(63.0, 6161.0)	(64.0, 3520.5)	(65.0, 2299.0)	(66.0, 1555.5)	(67.0, 1016.5)	(68.0, 693.0)	(69.0, 512.0)	(70.0, 327.0)	(71.0, 185.5)	(72.0, 99.5)	(73.0, 70.0)	(74.0, 72.5)	(75.0, 47.5)	(76.0, 18.5)	(77.0, 16.0)	(78.0, 17.5)	(79.0, 14.5)	(80.0, 11.5)	(81.0, 8.0)	(82.0, 4.5)	(83.0, 4.5)	(84.0, 5.5)	(85.0, 6.5)	(86.0, 4.5)	(87.0, 1.5)	(88.0, 0.0)	(89.0, 0.0)	(90.0, 1.5)	(91.0, 2.5)	(92.0, 2.5)	(93.0, 3.5)	(94.0, 6.0)	(95.0, 10.0)	(96.0, 11.5)	(97.0, 18.0)	(98.0, 91.5)	(99.0, 94.5)	(100.0, 17.0)
HNF4_NKX_R3_MKRN250011219-1A_22MVT7LT4_L4_2	(0.0, 1.0)	(1.0, 2.5)	(2.0, 5.0)	(3.0, 6.0)	(4.0, 9.5)	(5.0, 11.5)	(6.0, 11.5)	(7.0, 18.5)	(8.0, 32.0)	(9.0, 63.0)	(10.0, 118.5)	(11.0, 268.0)	(12.0, 608.0)	(13.0, 1352.0)	(14.0, 2637.0)	(15.0, 4771.5)	(16.0, 8193.5)	(17.0, 13113.0)	(18.0, 20956.5)	(19.0, 33246.0)	(20.0, 52636.0)	(21.0, 94928.5)	(22.0, 142353.5)	(23.0, 174969.0)	(24.0, 228203.5)	(25.0, 293069.5)	(26.0, 367014.5)	(27.0, 468276.0)	(28.0, 601268.5)	(29.0, 725456.5)	(30.0, 813410.0)	(31.0, 946427.5)	(32.0, 1141764.0)	(33.0, 1263720.0)	(34.0, 1333013.0)	(35.0, 1413336.5)	(36.0, 1444566.5)	(37.0, 1430123.5)	(38.0, 1393224.5)	(39.0, 1335378.0)	(40.0, 1238893.0)	(41.0, 1119453.0)	(42.0, 986853.5)	(43.0, 853231.0)	(44.0, 729590.5)	(45.0, 603401.5)	(46.0, 486987.5)	(47.0, 396774.5)	(48.0, 315846.5)	(49.0, 244431.0)	(50.0, 192139.5)	(51.0, 147712.0)	(52.0, 113686.0)	(53.0, 91598.5)	(54.0, 72803.5)	(55.0, 56714.5)	(56.0, 44242.5)	(57.0, 34284.0)	(58.0, 26041.0)	(59.0, 18885.0)	(60.0, 14047.5)	(61.0, 10955.0)	(62.0, 8780.5)	(63.0, 6183.5)	(64.0, 3615.0)	(65.0, 2354.0)	(66.0, 1598.0)	(67.0, 1058.5)	(68.0, 789.0)	(69.0, 600.0)	(70.0, 389.0)	(71.0, 276.0)	(72.0, 197.5)	(73.0, 156.5)	(74.0, 142.0)	(75.0, 112.0)	(76.0, 90.5)	(77.0, 77.5)	(78.0, 71.0)	(79.0, 70.5)	(80.0, 66.0)	(81.0, 53.5)	(82.0, 59.0)	(83.0, 62.5)	(84.0, 51.0)	(85.0, 47.5)	(86.0, 46.5)	(87.0, 42.0)	(88.0, 42.5)	(89.0, 45.5)	(90.0, 44.0)	(91.0, 41.5)	(92.0, 37.5)	(93.0, 42.0)	(94.0, 48.0)	(95.0, 53.0)	(96.0, 59.0)	(97.0, 72.5)	(98.0, 122.0)	(99.0, 231.5)	(100.0, 864.5)
HNF4_R1_MKRN250011207-1A_22MGWFLT4_L3_1	(0.0, 2.0)	(1.0, 4.0)	(2.0, 5.0)	(3.0, 5.5)	(4.0, 7.5)	(5.0, 10.0)	(6.0, 19.5)	(7.0, 34.5)	(8.0, 54.5)	(9.0, 95.5)	(10.0, 178.0)	(11.0, 310.0)	(12.0, 533.0)	(13.0, 1006.0)	(14.0, 1756.0)	(15.0, 2958.0)	(16.0, 4463.5)	(17.0, 6376.5)	(18.0, 9297.5)	(19.0, 13013.0)	(20.0, 18415.0)	(21.0, 30773.0)	(22.0, 45659.5)	(23.0, 54484.0)	(24.0, 66550.0)	(25.0, 84336.5)	(26.0, 105296.5)	(27.0, 131892.5)	(28.0, 165872.5)	(29.0, 196758.5)	(30.0, 221141.5)	(31.0, 254715.5)	(32.0, 302625.5)	(33.0, 330736.0)	(34.0, 342630.0)	(35.0, 358945.0)	(36.0, 367477.0)	(37.0, 367646.0)	(38.0, 358395.0)	(39.0, 341395.0)	(40.0, 315265.0)	(41.0, 285060.0)	(42.0, 253018.5)	(43.0, 220825.0)	(44.0, 189504.5)	(45.0, 157232.0)	(46.0, 127962.5)	(47.0, 104906.0)	(48.0, 83703.5)	(49.0, 65540.5)	(50.0, 52145.5)	(51.0, 40215.0)	(52.0, 31572.0)	(53.0, 25840.5)	(54.0, 20637.5)	(55.0, 16531.0)	(56.0, 13371.5)	(57.0, 10620.0)	(58.0, 8250.5)	(59.0, 6114.5)	(60.0, 4541.0)	(61.0, 3656.0)	(62.0, 3052.0)	(63.0, 2240.5)	(64.0, 1450.5)	(65.0, 985.5)	(66.0, 709.0)	(67.0, 548.5)	(68.0, 461.0)	(69.0, 356.0)	(70.0, 264.0)	(71.0, 205.0)	(72.0, 158.5)	(73.0, 141.5)	(74.0, 122.5)	(75.0, 96.5)	(76.0, 70.5)	(77.0, 51.5)	(78.0, 44.0)	(79.0, 33.0)	(80.0, 26.0)	(81.0, 22.5)	(82.0, 18.5)	(83.0, 18.0)	(84.0, 12.0)	(85.0, 8.0)	(86.0, 7.5)	(87.0, 4.0)	(88.0, 1.0)	(89.0, 1.0)	(90.0, 0.0)	(91.0, 0.0)	(92.0, 0.5)	(93.0, 1.0)	(94.0, 0.5)	(95.0, 1.0)	(96.0, 2.0)	(97.0, 8.5)	(98.0, 29.5)	(99.0, 28.0)	(100.0, 6.0)
HNF4_R1_MKRN250011207-1A_22MGWFLT4_L3_2	(0.0, 1.0)	(1.0, 2.5)	(2.0, 4.5)	(3.0, 7.0)	(4.0, 11.5)	(5.0, 12.5)	(6.0, 15.5)	(7.0, 24.0)	(8.0, 40.0)	(9.0, 74.0)	(10.0, 146.5)	(11.0, 299.5)	(12.0, 552.5)	(13.0, 1010.0)	(14.0, 1775.0)	(15.0, 2975.0)	(16.0, 4570.5)	(17.0, 6541.0)	(18.0, 9169.0)	(19.0, 12693.5)	(20.0, 18276.5)	(21.0, 29847.5)	(22.0, 43134.0)	(23.0, 51663.5)	(24.0, 64406.5)	(25.0, 82360.5)	(26.0, 102920.0)	(27.0, 128778.5)	(28.0, 163353.5)	(29.0, 195397.5)	(30.0, 218854.5)	(31.0, 249323.5)	(32.0, 298701.0)	(33.0, 329227.5)	(34.0, 343992.5)	(35.0, 362917.0)	(36.0, 370205.5)	(37.0, 369635.0)	(38.0, 359443.0)	(39.0, 343151.0)	(40.0, 318009.0)	(41.0, 287737.5)	(42.0, 254781.5)	(43.0, 222064.0)	(44.0, 191496.0)	(45.0, 159777.0)	(46.0, 130077.0)	(47.0, 106284.0)	(48.0, 84414.0)	(49.0, 65532.0)	(50.0, 52189.5)	(51.0, 40761.0)	(52.0, 31786.5)	(53.0, 25644.0)	(54.0, 20678.5)	(55.0, 16770.5)	(56.0, 13396.0)	(57.0, 10628.0)	(58.0, 8396.5)	(59.0, 6235.5)	(60.0, 4553.5)	(61.0, 3631.0)	(62.0, 3038.5)	(63.0, 2215.0)	(64.0, 1431.0)	(65.0, 1058.5)	(66.0, 769.0)	(67.0, 534.0)	(68.0, 428.0)	(69.0, 374.0)	(70.0, 305.5)	(71.0, 253.5)	(72.0, 220.5)	(73.0, 202.5)	(74.0, 171.0)	(75.0, 133.5)	(76.0, 111.0)	(77.0, 80.5)	(78.0, 67.0)	(79.0, 59.5)	(80.0, 51.0)	(81.0, 49.5)	(82.0, 42.0)	(83.0, 38.5)	(84.0, 35.5)	(85.0, 28.0)	(86.0, 23.0)	(87.0, 24.5)	(88.0, 29.0)	(89.0, 25.5)	(90.0, 21.5)	(91.0, 23.5)	(92.0, 20.5)	(93.0, 17.0)	(94.0, 18.0)	(95.0, 23.0)	(96.0, 27.0)	(97.0, 33.5)	(98.0, 55.0)	(99.0, 112.5)	(100.0, 571.0)
HNF4_R1_MKRN250011207-1A_22MVT7LT4_L4_1	(0.0, 1.0)	(1.0, 4.5)	(2.0, 7.0)	(3.0, 10.0)	(4.0, 20.0)	(5.0, 24.5)	(6.0, 36.5)	(7.0, 64.0)	(8.0, 119.0)	(9.0, 218.5)	(10.0, 401.0)	(11.0, 726.0)	(12.0, 1291.5)	(13.0, 2343.0)	(14.0, 4125.5)	(15.0, 6864.5)	(16.0, 10440.0)	(17.0, 15042.5)	(18.0, 21729.0)	(19.0, 30583.5)	(20.0, 43791.0)	(21.0, 73638.0)	(22.0, 109489.0)	(23.0, 130763.0)	(24.0, 159570.5)	(25.0, 202050.0)	(26.0, 252759.5)	(27.0, 316715.5)	(28.0, 397598.0)	(29.0, 472792.0)	(30.0, 530021.5)	(31.0, 610089.0)	(32.0, 721901.5)	(33.0, 787222.0)	(34.0, 820276.0)	(35.0, 859566.5)	(36.0, 878671.0)	(37.0, 879520.5)	(38.0, 855100.0)	(39.0, 812986.5)	(40.0, 751905.0)	(41.0, 677889.0)	(42.0, 598671.0)	(43.0, 521653.5)	(44.0, 448359.5)	(45.0, 372265.0)	(46.0, 302283.0)	(47.0, 246384.5)	(48.0, 195739.0)	(49.0, 153408.0)	(50.0, 122582.0)	(51.0, 95063.0)	(52.0, 74108.0)	(53.0, 59806.0)	(54.0, 47667.5)	(55.0, 38187.0)	(56.0, 30745.0)	(57.0, 24183.0)	(58.0, 18775.5)	(59.0, 14077.0)	(60.0, 10478.0)	(61.0, 8231.5)	(62.0, 6694.5)	(63.0, 4857.0)	(64.0, 3323.5)	(65.0, 2383.0)	(66.0, 1623.5)	(67.0, 1223.0)	(68.0, 971.0)	(69.0, 809.0)	(70.0, 645.0)	(71.0, 446.5)	(72.0, 334.0)	(73.0, 292.5)	(74.0, 239.0)	(75.0, 203.5)	(76.0, 144.5)	(77.0, 82.0)	(78.0, 68.0)	(79.0, 61.5)	(80.0, 55.5)	(81.0, 54.5)	(82.0, 39.0)	(83.0, 28.0)	(84.0, 27.0)	(85.0, 20.0)	(86.0, 13.5)	(87.0, 9.0)	(88.0, 3.5)	(89.0, 6.0)	(90.0, 5.0)	(91.0, 2.5)	(92.0, 2.0)	(93.0, 1.0)	(94.0, 3.5)	(95.0, 8.0)	(96.0, 7.5)	(97.0, 15.0)	(98.0, 52.0)	(99.0, 47.0)	(100.0, 8.0)
HNF4_R1_MKRN250011207-1A_22MVT7LT4_L4_2	(0.0, 2.0)	(1.0, 4.5)	(2.0, 8.0)	(3.0, 10.5)	(4.0, 14.0)	(5.0, 23.5)	(6.0, 41.5)	(7.0, 70.5)	(8.0, 125.0)	(9.0, 224.0)	(10.0, 417.0)	(11.0, 754.5)	(12.0, 1339.5)	(13.0, 2427.5)	(14.0, 4244.0)	(15.0, 6891.0)	(16.0, 10450.5)	(17.0, 15107.0)	(18.0, 21827.0)	(19.0, 30775.5)	(20.0, 43379.5)	(21.0, 70260.5)	(22.0, 103175.0)	(23.0, 125013.5)	(24.0, 155407.5)	(25.0, 198265.0)	(26.0, 247303.0)	(27.0, 309247.0)	(28.0, 391404.5)	(29.0, 467327.0)	(30.0, 524090.0)	(31.0, 599628.0)	(32.0, 716854.0)	(33.0, 790124.0)	(34.0, 825724.0)	(35.0, 870154.0)	(36.0, 885740.5)	(37.0, 881866.0)	(38.0, 858019.5)	(39.0, 816973.5)	(40.0, 756591.0)	(41.0, 683424.5)	(42.0, 603566.0)	(43.0, 525369.5)	(44.0, 451452.0)	(45.0, 376213.0)	(46.0, 305784.5)	(47.0, 249056.5)	(48.0, 197935.5)	(49.0, 153477.5)	(50.0, 121407.0)	(51.0, 94653.0)	(52.0, 74025.0)	(53.0, 59275.5)	(54.0, 47172.5)	(55.0, 37974.0)	(56.0, 30420.0)	(57.0, 23932.0)	(58.0, 18658.0)	(59.0, 14070.0)	(60.0, 10579.5)	(61.0, 8272.5)	(62.0, 6666.5)	(63.0, 4859.0)	(64.0, 3256.5)	(65.0, 2325.0)	(66.0, 1648.5)	(67.0, 1206.5)	(68.0, 998.5)	(69.0, 837.0)	(70.0, 689.5)	(71.0, 559.0)	(72.0, 434.5)	(73.0, 361.0)	(74.0, 293.5)	(75.0, 241.5)	(76.0, 197.5)	(77.0, 156.0)	(78.0, 139.0)	(79.0, 124.5)	(80.0, 110.5)	(81.0, 95.0)	(82.0, 69.5)	(83.0, 61.5)	(84.0, 66.5)	(85.0, 61.5)	(86.0, 56.0)	(87.0, 50.5)	(88.0, 46.5)	(89.0, 53.0)	(90.0, 48.5)	(91.0, 41.5)	(92.0, 43.0)	(93.0, 39.0)	(94.0, 43.0)	(95.0, 46.5)	(96.0, 52.0)	(97.0, 70.0)	(98.0, 97.5)	(99.0, 199.5)	(100.0, 808.0)
HNF4_R2_MKRN250011212-1A_22MGWFLT4_L3_1	(0.0, 17.0)	(1.0, 16.5)	(2.0, 19.5)	(3.0, 20.0)	(4.0, 22.5)	(5.0, 35.5)	(6.0, 58.0)	(7.0, 73.5)	(8.0, 118.0)	(9.0, 201.5)	(10.0, 353.5)	(11.0, 582.5)	(12.0, 967.5)	(13.0, 1712.0)	(14.0, 2806.0)	(15.0, 4323.0)	(16.0, 6029.0)	(17.0, 8188.5)	(18.0, 11409.5)	(19.0, 15907.0)	(20.0, 22914.5)	(21.0, 39429.5)	(22.0, 57023.5)	(23.0, 65692.5)	(24.0, 78410.5)	(25.0, 96990.5)	(26.0, 120447.5)	(27.0, 150840.5)	(28.0, 191973.5)	(29.0, 227032.5)	(30.0, 249080.0)	(31.0, 288481.5)	(32.0, 344241.5)	(33.0, 373561.5)	(34.0, 390816.0)	(35.0, 408854.5)	(36.0, 415228.5)	(37.0, 415682.5)	(38.0, 404479.0)	(39.0, 384044.5)	(40.0, 353665.0)	(41.0, 320200.0)	(42.0, 283975.0)	(43.0, 246912.5)	(44.0, 212575.0)	(45.0, 177322.0)	(46.0, 143868.0)	(47.0, 117075.0)	(48.0, 93031.5)	(49.0, 73178.5)	(50.0, 58843.0)	(51.0, 45367.5)	(52.0, 35162.5)	(53.0, 28863.0)	(54.0, 23356.0)	(55.0, 18708.0)	(56.0, 14700.5)	(57.0, 11379.0)	(58.0, 8889.0)	(59.0, 6720.0)	(60.0, 5216.0)	(61.0, 4099.0)	(62.0, 3375.5)	(63.0, 2565.5)	(64.0, 1700.0)	(65.0, 1164.5)	(66.0, 857.5)	(67.0, 722.5)	(68.0, 556.0)	(69.0, 459.5)	(70.0, 391.0)	(71.0, 294.5)	(72.0, 221.0)	(73.0, 177.5)	(74.0, 168.5)	(75.0, 135.5)	(76.0, 115.0)	(77.0, 90.5)	(78.0, 59.5)	(79.0, 49.5)	(80.0, 36.0)	(81.0, 22.5)	(82.0, 16.0)	(83.0, 10.5)	(84.0, 6.5)	(85.0, 8.5)	(86.0, 9.5)	(87.0, 6.0)	(88.0, 2.0)	(89.0, 1.0)	(90.0, 0.5)	(91.0, 1.0)	(92.0, 1.0)	(93.0, 0.0)	(94.0, 0.5)	(95.0, 2.0)	(96.0, 4.5)	(97.0, 15.5)	(98.0, 58.0)	(99.0, 57.0)	(100.0, 11.5)
HNF4_R2_MKRN250011212-1A_22MGWFLT4_L3_2	(0.0, 12.0)	(1.0, 11.0)	(2.0, 14.5)	(3.0, 19.0)	(4.0, 27.0)	(5.0, 45.0)	(6.0, 60.5)	(7.0, 74.0)	(8.0, 116.0)	(9.0, 195.0)	(10.0, 318.0)	(11.0, 572.5)	(12.0, 966.5)	(13.0, 1599.0)	(14.0, 2629.5)	(15.0, 4193.0)	(16.0, 5986.5)	(17.0, 8180.5)	(18.0, 11392.5)	(19.0, 15671.5)	(20.0, 22392.0)	(21.0, 37859.0)	(22.0, 54103.5)	(23.0, 62742.5)	(24.0, 76577.5)	(25.0, 95349.5)	(26.0, 117874.0)	(27.0, 147570.5)	(28.0, 188457.0)	(29.0, 223937.0)	(30.0, 246564.0)	(31.0, 284496.0)	(32.0, 341060.5)	(33.0, 372754.0)	(34.0, 390432.0)	(35.0, 410913.0)	(36.0, 419299.5)	(37.0, 417219.0)	(38.0, 405301.5)	(39.0, 386231.5)	(40.0, 356569.0)	(41.0, 323952.5)	(42.0, 286542.5)	(43.0, 249216.5)	(44.0, 215072.0)	(45.0, 179135.5)	(46.0, 145237.0)	(47.0, 118679.5)	(48.0, 94471.5)	(49.0, 73488.5)	(50.0, 58619.0)	(51.0, 45320.0)	(52.0, 35003.5)	(53.0, 28612.5)	(54.0, 23275.0)	(55.0, 18721.0)	(56.0, 14892.0)	(57.0, 11825.5)	(58.0, 9363.0)	(59.0, 7056.0)	(60.0, 5261.5)	(61.0, 4068.5)	(62.0, 3339.5)	(63.0, 2557.5)	(64.0, 1772.0)	(65.0, 1269.5)	(66.0, 979.0)	(67.0, 784.5)	(68.0, 623.5)	(69.0, 532.0)	(70.0, 438.5)	(71.0, 359.0)	(72.0, 300.0)	(73.0, 235.0)	(74.0, 210.0)	(75.0, 181.0)	(76.0, 148.5)	(77.0, 119.5)	(78.0, 97.0)	(79.0, 94.5)	(80.0, 77.0)	(81.0, 60.0)	(82.0, 61.5)	(83.0, 57.0)	(84.0, 46.0)	(85.0, 44.5)	(86.0, 51.5)	(87.0, 51.0)	(88.0, 40.0)	(89.0, 38.0)	(90.0, 43.0)	(91.0, 38.5)	(92.0, 34.5)	(93.0, 39.0)	(94.0, 40.5)	(95.0, 40.0)	(96.0, 48.0)	(97.0, 65.5)	(98.0, 109.5)	(99.0, 198.5)	(100.0, 934.0)
HNF4_R2_MKRN250011212-1A_22MVT7LT4_L4_1	(0.0, 17.0)	(1.0, 17.0)	(2.0, 24.5)	(3.0, 33.5)	(4.0, 46.0)	(5.0, 71.0)	(6.0, 112.0)	(7.0, 165.0)	(8.0, 231.0)	(9.0, 429.5)	(10.0, 807.5)	(11.0, 1421.0)	(12.0, 2347.0)	(13.0, 3887.5)	(14.0, 6411.0)	(15.0, 10038.5)	(16.0, 14078.5)	(17.0, 19040.0)	(18.0, 26367.0)	(19.0, 36510.0)	(20.0, 52418.5)	(21.0, 90260.0)	(22.0, 133230.5)	(23.0, 155242.0)	(24.0, 184593.5)	(25.0, 228613.5)	(26.0, 283667.5)	(27.0, 354755.5)	(28.0, 448273.5)	(29.0, 530827.5)	(30.0, 587840.0)	(31.0, 679539.5)	(32.0, 805603.0)	(33.0, 874136.5)	(34.0, 915081.5)	(35.0, 957850.5)	(36.0, 974336.0)	(37.0, 973084.0)	(38.0, 943109.0)	(39.0, 895828.5)	(40.0, 827659.5)	(41.0, 746267.5)	(42.0, 658713.5)	(43.0, 573457.5)	(44.0, 492548.0)	(45.0, 410217.5)	(46.0, 331513.5)	(47.0, 268980.5)	(48.0, 214077.0)	(49.0, 167017.0)	(50.0, 134162.0)	(51.0, 104148.0)	(52.0, 80566.0)	(53.0, 65412.0)	(54.0, 52545.5)	(55.0, 41800.5)	(56.0, 32974.0)	(57.0, 25778.0)	(58.0, 20411.5)	(59.0, 15496.0)	(60.0, 11518.5)	(61.0, 8973.0)	(62.0, 7316.0)	(63.0, 5455.0)	(64.0, 3680.5)	(65.0, 2558.5)	(66.0, 1938.5)	(67.0, 1529.5)	(68.0, 1184.5)	(69.0, 997.5)	(70.0, 795.0)	(71.0, 623.5)	(72.0, 437.0)	(73.0, 339.5)	(74.0, 338.5)	(75.0, 283.0)	(76.0, 202.0)	(77.0, 153.5)	(78.0, 113.5)	(79.0, 85.0)	(80.0, 62.0)	(81.0, 47.0)	(82.0, 43.5)	(83.0, 26.5)	(84.0, 18.5)	(85.0, 13.5)	(86.0, 13.5)	(87.0, 13.0)	(88.0, 7.5)	(89.0, 4.0)	(90.0, 3.0)	(91.0, 2.5)	(92.0, 2.0)	(93.0, 1.5)	(94.0, 2.0)	(95.0, 5.0)	(96.0, 12.5)	(97.0, 30.5)	(98.0, 101.5)	(99.0, 100.5)	(100.0, 20.5)
HNF4_R2_MKRN250011212-1A_22MVT7LT4_L4_2	(0.0, 21.0)	(1.0, 24.0)	(2.0, 35.5)	(3.0, 46.0)	(4.0, 60.5)	(5.0, 91.5)	(6.0, 118.0)	(7.0, 161.5)	(8.0, 266.0)	(9.0, 463.5)	(10.0, 802.5)	(11.0, 1316.5)	(12.0, 2229.5)	(13.0, 3791.5)	(14.0, 6179.0)	(15.0, 9669.5)	(16.0, 13897.5)	(17.0, 19200.5)	(18.0, 26460.0)	(19.0, 36501.5)	(20.0, 51607.5)	(21.0, 87034.5)	(22.0, 126306.5)	(23.0, 148362.5)	(24.0, 180464.0)	(25.0, 224222.5)	(26.0, 277297.0)	(27.0, 347547.0)	(28.0, 443748.5)	(29.0, 527950.5)	(30.0, 582532.5)	(31.0, 669684.0)	(32.0, 800091.0)	(33.0, 874260.0)	(34.0, 917772.0)	(35.0, 965169.0)	(36.0, 981053.5)	(37.0, 977534.5)	(38.0, 949515.0)	(39.0, 902573.5)	(40.0, 831603.0)	(41.0, 752563.5)	(42.0, 665391.5)	(43.0, 576996.0)	(44.0, 495394.0)	(45.0, 413437.5)	(46.0, 334770.5)	(47.0, 270894.5)	(48.0, 215241.5)	(49.0, 167940.0)	(50.0, 133814.5)	(51.0, 103150.5)	(52.0, 79099.0)	(53.0, 64202.5)	(54.0, 52092.5)	(55.0, 41302.0)	(56.0, 32682.0)	(57.0, 25743.0)	(58.0, 19951.5)	(59.0, 15253.0)	(60.0, 11512.5)	(61.0, 8882.0)	(62.0, 7246.0)	(63.0, 5525.0)	(64.0, 3774.0)	(65.0, 2633.5)	(66.0, 2046.5)	(67.0, 1695.0)	(68.0, 1348.5)	(69.0, 1069.5)	(70.0, 846.0)	(71.0, 696.5)	(72.0, 600.0)	(73.0, 495.0)	(74.0, 433.5)	(75.0, 369.0)	(76.0, 307.5)	(77.0, 257.0)	(78.0, 200.0)	(79.0, 176.5)	(80.0, 153.0)	(81.0, 135.0)	(82.0, 127.0)	(83.0, 113.5)	(84.0, 104.0)	(85.0, 103.5)	(86.0, 95.0)	(87.0, 91.0)	(88.0, 94.0)	(89.0, 92.0)	(90.0, 88.0)	(91.0, 81.0)	(92.0, 82.5)	(93.0, 76.5)	(94.0, 74.0)	(95.0, 87.0)	(96.0, 111.0)	(97.0, 156.0)	(98.0, 231.0)	(99.0, 407.5)	(100.0, 1606.5)
HNF4_R3_MKRN250011217-1A_22MVT7LT4_L4_1	(0.0, 5.0)	(1.0, 3.5)	(2.0, 3.5)	(3.0, 9.0)	(4.0, 11.0)	(5.0, 12.5)	(6.0, 21.0)	(7.0, 34.0)	(8.0, 67.5)	(9.0, 146.0)	(10.0, 338.5)	(11.0, 680.5)	(12.0, 1321.5)	(13.0, 2798.0)	(14.0, 5325.5)	(15.0, 9089.5)	(16.0, 14367.5)	(17.0, 21228.5)	(18.0, 31276.0)	(19.0, 47431.0)	(20.0, 72057.0)	(21.0, 125235.5)	(22.0, 182051.5)	(23.0, 215147.0)	(24.0, 267917.5)	(25.0, 332229.5)	(26.0, 410589.5)	(27.0, 511698.5)	(28.0, 637214.0)	(29.0, 758060.0)	(30.0, 840576.0)	(31.0, 963767.0)	(32.0, 1148508.0)	(33.0, 1258459.5)	(34.0, 1307481.5)	(35.0, 1369008.0)	(36.0, 1387841.0)	(37.0, 1367922.5)	(38.0, 1326482.5)	(39.0, 1262123.0)	(40.0, 1167926.5)	(41.0, 1054134.5)	(42.0, 928631.0)	(43.0, 802733.5)	(44.0, 686351.0)	(45.0, 567330.5)	(46.0, 458428.0)	(47.0, 374248.5)	(48.0, 297541.0)	(49.0, 231926.5)	(50.0, 184473.0)	(51.0, 141553.0)	(52.0, 109487.0)	(53.0, 88749.0)	(54.0, 70463.5)	(55.0, 55673.5)	(56.0, 43469.0)	(57.0, 33622.0)	(58.0, 25811.5)	(59.0, 18672.5)	(60.0, 13607.5)	(61.0, 10489.5)	(62.0, 8159.0)	(63.0, 5584.0)	(64.0, 3190.0)	(65.0, 2002.5)	(66.0, 1368.5)	(67.0, 910.5)	(68.0, 634.0)	(69.0, 454.5)	(70.0, 284.0)	(71.0, 174.0)	(72.0, 98.0)	(73.0, 66.5)	(74.0, 76.0)	(75.0, 64.5)	(76.0, 26.5)	(77.0, 12.5)	(78.0, 11.5)	(79.0, 10.5)	(80.0, 9.0)	(81.0, 7.5)	(82.0, 5.0)	(83.0, 3.5)	(84.0, 5.0)	(85.0, 3.0)	(86.0, 2.0)	(87.0, 2.0)	(88.0, 1.0)	(89.0, 0.5)	(90.0, 1.0)	(91.0, 2.0)	(92.0, 1.5)	(93.0, 1.5)	(94.0, 2.5)	(95.0, 4.5)	(96.0, 6.5)	(97.0, 11.5)	(98.0, 32.5)	(99.0, 26.0)	(100.0, 2.0)
HNF4_R3_MKRN250011217-1A_22MVT7LT4_L4_2	(0.0, 4.0)	(1.0, 6.0)	(2.0, 7.0)	(3.0, 12.5)	(4.0, 14.5)	(5.0, 11.5)	(6.0, 19.5)	(7.0, 33.0)	(8.0, 54.5)	(9.0, 128.0)	(10.0, 285.0)	(11.0, 578.5)	(12.0, 1198.5)	(13.0, 2623.5)	(14.0, 4991.5)	(15.0, 8719.0)	(16.0, 14097.5)	(17.0, 21176.0)	(18.0, 31214.5)	(19.0, 46645.0)	(20.0, 70809.0)	(21.0, 122277.0)	(22.0, 177328.5)	(23.0, 211240.0)	(24.0, 264285.0)	(25.0, 328668.5)	(26.0, 404640.0)	(27.0, 504594.5)	(28.0, 638875.0)	(29.0, 762545.5)	(30.0, 837257.5)	(31.0, 953499.0)	(32.0, 1138202.5)	(33.0, 1255289.0)	(34.0, 1314029.5)	(35.0, 1381862.0)	(36.0, 1397287.5)	(37.0, 1367416.5)	(38.0, 1324054.0)	(39.0, 1266221.0)	(40.0, 1175142.5)	(41.0, 1061341.5)	(42.0, 933922.5)	(43.0, 806960.5)	(44.0, 689464.0)	(45.0, 570441.0)	(46.0, 461176.0)	(47.0, 374842.0)	(48.0, 297719.5)	(49.0, 230787.0)	(50.0, 181922.5)	(51.0, 140147.5)	(52.0, 107755.5)	(53.0, 86432.0)	(54.0, 69248.0)	(55.0, 54654.0)	(56.0, 42705.0)	(57.0, 33153.5)	(58.0, 25211.5)	(59.0, 18338.0)	(60.0, 13668.0)	(61.0, 10624.5)	(62.0, 8456.0)	(63.0, 5866.5)	(64.0, 3331.0)	(65.0, 2118.5)	(66.0, 1489.0)	(67.0, 1015.5)	(68.0, 755.0)	(69.0, 563.5)	(70.0, 374.0)	(71.0, 266.0)	(72.0, 178.5)	(73.0, 154.0)	(74.0, 162.5)	(75.0, 141.0)	(76.0, 110.0)	(77.0, 92.0)	(78.0, 85.5)	(79.0, 96.5)	(80.0, 93.0)	(81.0, 85.5)	(82.0, 82.5)	(83.0, 73.0)	(84.0, 69.0)	(85.0, 66.0)	(86.0, 63.0)	(87.0, 66.0)	(88.0, 61.5)	(89.0, 61.0)	(90.0, 63.0)	(91.0, 57.0)	(92.0, 63.5)	(93.0, 66.5)	(94.0, 66.0)	(95.0, 64.5)	(96.0, 74.0)	(97.0, 116.5)	(98.0, 182.0)	(99.0, 311.5)	(100.0, 1210.5)
