Sample	0	1	2	3	4	5	6	7	8	9	10	11	12	13	14	15	16	17	18	19	20	21	22	23	24	25	26	27	28	29	30	31	32	33	34	35	36	37
GFP_R1_MKRN250011206-1A_22MGWFLT4_L3_1	(1, 0.12009291890680447)	(2, 0.2613289573394548)	(3, 2.916292348392532e-05)	(4, 0.020880653214490532)	(5, 0.00613879539336628)	(6, 0.0)	(7, 0.0)	(8, 0.0)	(9, 0.0)	(10, 0.036001629040905814)	(15, 2.9162923483925326e-06)	(20, 0.035368793601304634)	(25, 8.748877045177597e-05)	(30, 0.0448321622718384)	(35, 0.04107306143476042)	(40, 0.001764356870777482)	(45, 0.03256040406980262)	(50, 0.0005774258849817214)	(55, 0.023187440462069026)	(60, 0.00016622866385837434)	(65, 0.001035283783679349)	(70, 0.0004170298058201321)	(75, 0.000673663532478675)	(80, 0.00030912698892960846)	(85, 0.0003674528358974591)	(90, 0.007235321316361873)	(95, 0.0004520253140008425)	(100, 0.0008369759039886568)	(105, 0.0005803421773301139)	(110, 0.0004870208221815529)	(115, 0.00014581461741962663)	(120, 0.0003207921583231786)	(125, 0.02482931305421402)	(130, 4.082809287749546e-05)	(135, 0.007407382564917032)	(140, 0.000536597792104226)	(145, 0.025091779365569347)	(150, 0.00017497754090355194)
GFP_R1_MKRN250011206-1A_22MGWFLT4_L3_2	(1, 0.009025924818274888)	(2, 0.07458417681013901)	(3, 0.004009901979039732)	(4, 0.0020997304908426232)	(5, 0.0004520253140008425)	(6, 0.0)	(7, 0.002580918728327391)	(8, 0.13299751254844144)	(9, 2.916292348392532e-05)	(10, 0.007967310695808399)	(15, 0.008092711266789277)	(20, 0.0005803421773301139)	(25, 0.00022747080317461751)	(30, 0.0003032944042328234)	(35, 0.0006911612865690301)	(40, 0.000498685991575123)	(45, 0.0007582360105820585)	(50, 0.0012190102016280786)	(55, 0.0004957696992267305)	(60, 0.0010936096306471996)	(65, 0.0008894691662597224)	(70, 0.0004636904833944126)	(75, 0.0010673629995116669)	(80, 0.0004957696992267305)	(85, 0.004012818271388124)	(90, 0.0008078129805047315)	(95, 0.01738985127346467)	(100, 0.008684718613512962)	(105, 0.0005336814997558334)	(110, 0.00021872192612943994)	(115, 0.0029979485341475234)	(120, 0.00034120620476192626)	(125, 0.00043161126756209475)	(130, 3.7911800529102924e-05)	(135, 0.00011665169393570128)	(140, 0.00017497754090355194)	(145, 0.002318452416972063)	(150, 0.012117194707570972)
GFP_R1_MKRN250011206-1A_22MVT7LT4_L4_1	(1, 6.238744265554229e-05)	(2, 0.09150851449953487)	(3, 0.007389445985645342)	(4, 0.04898107442267354)	(5, 0.0)	(6, 0.0)	(7, 4.852356650986623e-05)	(8, 6.931938072838032e-06)	(9, 0.0)	(10, 0.0)	(15, 0.0)	(20, 0.0)	(25, 0.040209399985304296)	(30, 0.00013586598622762543)	(35, 0.00020934452979970856)	(40, 0.0)	(45, 0.0)	(50, 0.00011784294723824654)	(55, 5.5455504582704257e-05)	(60, 7.763770641578596e-05)	(65, 1.525026376024367e-05)	(70, 0.00033134663988165796)	(75, 6.37738302701099e-05)	(80, 0.0)	(85, 0.0)	(90, 0.00016636651374811278)	(95, 0.0002592544839241424)	(100, 2.772775229135213e-06)	(105, 0.0003008461123611706)	(110, 0.0)	(115, 0.0)	(120, 7.070576834294794e-05)	(125, 0.0)	(130, 1.3863876145676065e-06)	(135, 0.0)	(140, 0.0)	(145, 5.129634173900144e-05)	(150, 0.0)
GFP_R1_MKRN250011206-1A_22MVT7LT4_L4_2	(1, 0.1944408629431068)	(2, 0.20060335588985984)	(3, 0.0)	(4, 0.0)	(5, 0.0)	(6, 0.0)	(7, 0.0)	(8, 0.0)	(9, 0.0)	(10, 0.00013586598622762543)	(15, 2.772775229135213e-06)	(20, 6.51602178846775e-05)	(25, 5.545550458270426e-06)	(30, 1.940942660394649e-05)	(35, 0.0)	(40, 0.0)	(45, 0.05002363790882838)	(50, 0.0002648000343824128)	(55, 6.931938072838032e-06)	(60, 2.3568589447649313e-05)	(65, 0.03237353718776818)	(70, 0.00014002514907132825)	(75, 0.025454076603461256)	(80, 0.0326508147106817)	(85, 0.04302376684287653)	(90, 0.0003188691513505495)	(95, 0.0011382242315600049)	(100, 1.940942660394649e-05)	(105, 1.663665137481128e-05)	(110, 0.053649041520922675)	(115, 0.004062115710683087)	(120, 0.004210459185441821)	(125, 0.006995711903108143)	(130, 0.009165408519906446)	(135, 0.006418974655448019)	(140, 0.0039012947473932445)	(145, 0.005261340997284067)	(150, 0.0)
GFP_R2_MKRN250011211-1A_22MGWFLT4_L3_1	(1, 0.12392261026860012)	(2, 0.2613437145587923)	(3, 1.5321786630637996e-05)	(4, 0.02011750584602769)	(5, 0.005423912467245851)	(6, 0.0)	(7, 0.0)	(8, 0.0)	(9, 0.0)	(10, 0.03796738727072095)	(15, 1.5321786630637996e-05)	(20, 0.03624828281076337)	(25, 9.193071978382798e-05)	(30, 0.047197231537017284)	(35, 0.0429684184269612)	(40, 0.001734426246588221)	(45, 0.03365583651285942)	(50, 0.0005301338174200747)	(55, 0.02434019024143152)	(60, 0.00018999015421991116)	(65, 0.001054138920187894)	(70, 0.00033401494854790834)	(75, 0.0006067427505732646)	(80, 0.00028804958865599436)	(85, 0.00031869316191727033)	(90, 0.007489289305055853)	(95, 0.0004596535989191399)	(100, 0.0008580200513157277)	(105, 0.0005423912467245851)	(110, 0.0005331981747462022)	(115, 0.00017466836758927315)	(120, 0.00032175751924339794)	(125, 0.025768180755406985)	(130, 2.7579215935148395e-05)	(135, 0.007826368610929888)	(140, 0.0006006140359210094)	(145, 0.023871343570533998)	(150, 0.00015321786630637996)
GFP_R2_MKRN250011211-1A_22MGWFLT4_L3_2	(1, 0.010372849548941923)	(2, 0.07181321393780028)	(3, 0.0040143080972271546)	(4, 0.0014862133031718857)	(5, 0.00032175751924339794)	(6, 0.0)	(7, 0.0021603719149199574)	(8, 0.13483172234961435)	(9, 6.128714652255198e-05)	(10, 0.008384081644285113)	(15, 0.008653745088984342)	(20, 0.0005669061053336058)	(25, 0.00021450501282893193)	(30, 0.0002911139459821219)	(35, 0.0006251288945300303)	(40, 0.00040755952437497074)	(45, 0.0006527081104651787)	(50, 0.0010663963494924045)	(55, 0.0005056189588110539)	(60, 0.0009070497685337694)	(65, 0.0007752824035102827)	(70, 0.0003922377377443327)	(75, 0.0009315646271427901)	(80, 0.00041675259635335347)	(85, 0.004035758598510048)	(90, 0.0007507675449012618)	(95, 0.017445386257644423)	(100, 0.008555685654548256)	(105, 0.0005546486760290955)	(110, 0.00024514858609020793)	(115, 0.003003070179605047)	(120, 0.0002727278020253563)	(125, 0.0004473961696146295)	(130, 3.370793058740359e-05)	(135, 9.499507710995558e-05)	(140, 0.00019305451154603878)	(145, 0.002417777930314676)	(150, 0.011644557839284878)
GFP_R2_MKRN250011211-1A_22MVT7LT4_L4_1	(1, 5.337870523278119e-05)	(2, 0.08070192997381107)	(3, 0.006692355168559943)	(4, 0.0454252781530968)	(5, 0.0)	(6, 6.672338154097649e-06)	(7, 6.672338154097649e-06)	(8, 0.0)	(9, 0.0)	(10, 0.0)	(15, 0.0)	(20, 0.0)	(25, 0.0387769604163539)	(30, 0.00015212930991342642)	(35, 0.00023620077065505677)	(40, 0.0)	(45, 0.0)	(50, 0.00011743315151211863)	(55, 4.270296418622496e-05)	(60, 7.739912258753274e-05)	(65, 1.2010208677375769e-05)	(70, 0.00027490033194882315)	(75, 5.471317286360073e-05)	(80, 1.33446763081953e-06)	(85, 0.0)	(90, 0.00015880164806752407)	(95, 0.00018815993594555372)	(100, 1.33446763081953e-06)	(105, 0.00031359989324258956)	(110, 0.0)	(115, 0.0)	(120, 4.670636707868355e-05)	(125, 0.0)	(130, 0.0)	(135, 0.0)	(140, 0.0)	(145, 5.738210812523979e-05)	(150, 0.0)
GFP_R2_MKRN250011211-1A_22MVT7LT4_L4_2	(1, 0.1726334050609685)	(2, 0.1829021334801248)	(3, 0.0)	(4, 0.0)	(5, 0.0)	(6, 0.0)	(7, 0.0)	(8, 0.0)	(9, 0.0)	(10, 0.00015212930991342642)	(15, 0.0)	(20, 7.339571969507415e-05)	(25, 1.33446763081953e-06)	(30, 1.734807920065389e-05)	(35, 0.0)	(40, 0.0)	(45, 0.049101736476004604)	(50, 0.00027490033194882315)	(55, 1.33446763081953e-06)	(60, 2.135148209311248e-05)	(65, 0.032139318420657564)	(70, 0.00011476421625047957)	(75, 0.025986088174948706)	(80, 0.03222739328429165)	(85, 0.04201971675924536)	(90, 0.00021084588566948573)	(95, 0.0010769153780713606)	(100, 3.603062603212731e-05)	(105, 3.603062603212731e-05)	(110, 0.05058299554621429)	(115, 0.003636424293983219)	(120, 0.003962034395903185)	(125, 0.006221288094880649)	(130, 0.007992126640978163)	(135, 0.005666149560459724)	(140, 0.0031773674289813005)	(145, 0.004593237585280822)	(150, 0.0)
GFP_R3_MKRN250011216-1A_22MVT7LT4_L4_1	(1, 6.303206817467161e-05)	(2, 0.08821032947167029)	(3, 0.007226321622347836)	(4, 0.04768477622039997)	(5, 0.0)	(6, 1.0166462608818003e-05)	(7, 2.439951026116321e-05)	(8, 0.0)	(9, 0.0)	(10, 0.0)	(15, 0.0)	(20, 0.0)	(25, 0.039421068753448335)	(30, 0.0001435504520365102)	(35, 0.00020698917871553457)	(40, 0.0)	(45, 0.0)	(50, 0.00010207128459253275)	(55, 5.6525532105028095e-05)	(60, 7.807843283572227e-05)	(65, 1.1386438121876163e-05)	(70, 0.00033955985113452133)	(75, 6.425204368772979e-05)	(80, 8.133170087054403e-07)	(85, 0.0)	(90, 0.0001760831323847278)	(95, 0.00023545527402022494)	(100, 2.0332925217636006e-06)	(105, 0.00030092729322101294)	(110, 4.066585043527201e-07)	(115, 0.0)	(120, 6.669199471384611e-05)	(125, 0.0)	(130, 2.0332925217636006e-06)	(135, 0.0)	(140, 0.0)	(145, 4.717238650491554e-05)	(150, 0.0)
GFP_R3_MKRN250011216-1A_22MVT7LT4_L4_2	(1, 0.18898640672783962)	(2, 0.19586096874392236)	(3, 0.0)	(4, 0.0)	(5, 0.0)	(6, 0.0)	(7, 0.0)	(8, 0.0)	(9, 0.0)	(10, 0.00012606413634934322)	(15, 8.133170087054403e-07)	(20, 6.343872667902434e-05)	(25, 1.2199755130581604e-06)	(30, 2.358619325245777e-05)	(35, 0.0)	(40, 0.0)	(45, 0.049893338557539586)	(50, 0.00025944812577703545)	(55, 1.6266340174108805e-06)	(60, 2.724611979163225e-05)	(65, 0.03315527451838163)	(70, 0.00014192381801909933)	(75, 0.02522624700051229)	(80, 0.032767322305229135)	(85, 0.04260235823299967)	(90, 0.00029523407416007485)	(95, 0.0012195688545538076)	(100, 4.391911847009377e-05)	(105, 5.4898898087617215e-05)	(110, 0.052859099029783974)	(115, 0.004060078507457558)	(120, 0.004367918995252566)	(125, 0.006972973374136092)	(130, 0.00908515764574412)	(135, 0.006454077122582022)	(140, 0.003690832585505288)	(145, 0.005169849565836131)	(150, 0.0)
HNF4_FOXF_R1_MKRN250011210-1A_22MGWFLT4_L3_1	(1, 0.1122344474264528)	(2, 0.26019234011054526)	(3, 1.7166480181470295e-05)	(4, 0.020994605261938172)	(5, 0.0064374300680513615)	(6, 0.0)	(7, 0.0)	(8, 0.0)	(9, 0.0)	(10, 0.033224005743217606)	(15, 6.8665920725881175e-06)	(20, 0.03169275571103046)	(25, 7.209921676217524e-05)	(30, 0.04187934505071493)	(35, 0.03763579114985548)	(40, 0.0016720151696752068)	(45, 0.03260944575272097)	(50, 0.0004531950767908158)	(55, 0.02146496681891046)	(60, 0.00011673206523399802)	(65, 0.0010196889227793355)	(70, 0.0002952634591212891)	(75, 0.0005630605499522257)	(80, 0.0002540639066857604)	(85, 0.0002643637947946426)	(90, 0.006355030963180304)	(95, 0.0004531950767908158)	(100, 0.0007793582002387513)	(105, 0.0005287275895892852)	(110, 0.0005218609975166969)	(115, 0.0001510650255969386)	(120, 0.0003021300511938772)	(125, 0.024760931013752756)	(130, 6.8665920725881175e-06)	(135, 0.006701793862846003)	(140, 0.0005424607737344613)	(145, 0.02595915133041938)	(150, 0.00022316424235911385)
HNF4_FOXF_R1_MKRN250011210-1A_22MGWFLT4_L3_2	(1, 0.00926989929799396)	(2, 0.07383303126050374)	(3, 0.004119955243552871)	(4, 0.002094310582139376)	(5, 0.0005836603261699901)	(6, 0.0)	(7, 0.002145810022683787)	(8, 0.12670579021943226)	(9, 1.7166480181470295e-05)	(10, 0.007522351615520283)	(15, 0.00789314758744004)	(20, 0.0005836603261699901)	(25, 0.0001991311701050554)	(30, 0.0002403307225405841)	(35, 0.0005939602142788722)	(40, 0.00038452915606493457)	(45, 0.0006317264706781068)	(50, 0.0010917881395415107)	(55, 0.0004394618926456395)	(60, 0.0008651906011461029)	(65, 0.0007175588715854584)	(70, 0.00040169563624640494)	(75, 0.0008960902654727495)	(80, 0.0004772281490448742)	(85, 0.003944857145701875)	(90, 0.0007312920557306345)	(95, 0.01673731817693354)	(100, 0.008775504668767614)	(105, 0.0005149944054441089)	(110, 0.0001853979859598792)	(115, 0.0030281671040113603)	(120, 0.0002746636829035247)	(125, 0.00040512893228269894)	(130, 1.3733184145176235e-05)	(135, 0.0001270319533428802)	(140, 0.00020256446614134947)	(145, 0.0024754064421680165)	(150, 0.011827704845033033)
HNF4_FOXF_R1_MKRN250011210-1A_22MVT7LT4_L4_1	(1, 7.286881407528713e-05)	(2, 0.08916493067757862)	(3, 0.006862917398363405)	(4, 0.04790793303567969)	(5, 0.0)	(6, 0.0)	(7, 3.9746625859247527e-05)	(8, 0.0)	(9, 0.0)	(10, 0.0)	(15, 0.0)	(20, 0.0)	(25, 0.04071776841774181)	(30, 0.00016296116602291486)	(35, 0.00019740824176759606)	(40, 0.0)	(45, 0.0)	(50, 0.00011923987757774259)	(55, 4.769595103109703e-05)	(60, 7.419370160392872e-05)	(65, 3.974662585924753e-06)	(70, 0.00033784631980360395)	(75, 6.889415148936238e-05)	(80, 0.0)	(85, 0.0)	(90, 0.00017091049119476436)	(95, 0.00021330689211129507)	(100, 1.3248875286415841e-06)	(105, 0.00033917120733224554)	(110, 0.0)	(115, 0.0)	(120, 6.094482631751287e-05)	(125, 0.0)	(130, 1.3248875286415841e-06)	(135, 0.0)	(140, 0.0)	(145, 5.5645276202946534e-05)	(150, 0.0)
HNF4_FOXF_R1_MKRN250011210-1A_22MVT7LT4_L4_2	(1, 0.1903532156775796)	(2, 0.19942207081113128)	(3, 0.0)	(4, 0.0)	(5, 0.0)	(6, 0.0)	(7, 0.0)	(8, 0.0)	(9, 0.0)	(10, 0.00012056476510638417)	(15, 0.0)	(20, 7.55185891325703e-05)	(25, 0.0)	(30, 1.9873312929623763e-05)	(35, 0.0)	(40, 0.0)	(45, 0.05069152173335566)	(50, 0.0002941250313584317)	(55, 0.0)	(60, 2.2523087986906932e-05)	(65, 0.03372501204157152)	(70, 0.000117914990049101)	(75, 0.024857539812373403)	(80, 0.03380847995587595)	(85, 0.04406973386520501)	(90, 0.0002928001438297901)	(95, 0.001172525462847802)	(100, 3.577196327332277e-05)	(105, 3.577196327332277e-05)	(110, 0.05447672540268466)	(115, 0.004104501563731628)	(120, 0.004401276370147343)	(125, 0.007035152777086813)	(130, 0.009196044336301236)	(135, 0.006393907213224286)	(140, 0.0037666552439280234)	(145, 0.005254503938592523)	(150, 0.0)
HNF4_FOXF_R2_MKRN250011215-1A_22MVT7LT4_L4_1	(1, 0.00012305073919655304)	(2, 0.08719749881717477)	(3, 0.0068828163467985)	(4, 0.04815296426689459)	(5, 0.0)	(6, 2.6750160694902834e-06)	(7, 2.407514462541255e-05)	(8, 0.0)	(9, 0.0)	(10, 0.0)	(15, 0.0)	(20, 0.0)	(25, 0.04091865080856507)	(30, 0.00013054078419112583)	(35, 0.0001877861280782179)	(40, 0.0)	(45, 0.0)	(50, 9.790558814334438e-05)	(55, 5.082530532031539e-05)	(60, 7.918047565691239e-05)	(65, 7.490044994572793e-06)	(70, 0.00031832691226934374)	(75, 6.206037281217458e-05)	(80, 0.0)	(85, 0.0)	(90, 0.00017387604451686844)	(95, 0.00019046114414770818)	(100, 2.6750160694902834e-06)	(105, 0.00029050674514664475)	(110, 5.350032138980567e-07)	(115, 0.0)	(120, 5.5105331031499834e-05)	(125, 0.0)	(130, 2.140012855592227e-06)	(135, 0.0)	(140, 0.0)	(145, 4.2800257111844534e-05)	(150, 0.0)
HNF4_FOXF_R2_MKRN250011215-1A_22MVT7LT4_L4_2	(1, 0.19114862327756718)	(2, 0.19729046017311688)	(3, 0.0)	(4, 0.0)	(5, 0.0)	(6, 0.0)	(7, 0.0)	(8, 0.0)	(9, 0.0)	(10, 0.00012198073276875692)	(15, 5.350032138980567e-07)	(20, 5.778034710099013e-05)	(25, 5.350032138980567e-07)	(30, 2.0330122128126155e-05)	(35, 0.0)	(40, 0.0)	(45, 0.050641799217948355)	(50, 0.00024342646232361582)	(55, 5.350032138980567e-07)	(60, 2.7820167122698948e-05)	(65, 0.03402513439748861)	(70, 0.00011877071348536858)	(75, 0.02410831482467423)	(80, 0.03401336432678285)	(85, 0.044994305292040467)	(90, 0.00031297688013036314)	(95, 0.0011347418166777782)	(100, 4.012524104235425e-05)	(105, 5.18953117481115e-05)	(110, 0.05480733424135863)	(115, 0.004178375100543823)	(120, 0.004043554290641512)	(125, 0.007142292905539057)	(130, 0.009095054636266964)	(135, 0.0064221785796322725)	(140, 0.003916223525733775)	(145, 0.0050338452395668155)	(150, 0.0)
HNF4_FOXF_R3_MKRN250011220-1A_22MVT7LT4_L3_1	(1, 0.0)	(2, 0.16438988375805985)	(3, 0.007163946779207604)	(4, 0.07066184457187404)	(5, 0.0)	(6, 0.024240612119099902)	(7, 0.0)	(8, 0.0)	(9, 0.0)	(10, 0.0053324902920109775)	(15, 0.032087625511903195)	(20, 0.020607535697530995)	(25, 0.025611823908474152)	(30, 0.02555088116227974)	(35, 0.16558525033185229)	(40, 2.3488350095762638e-05)	(45, 0.0)	(50, 0.02562071139229417)	(55, 0.04867167032005734)	(60, 0.0018771635468424355)	(65, 0.0)	(70, 0.021630231157105956)	(75, 0.010423748880335744)	(80, 0.01771465971411504)	(85, 0.03478561167155161)	(90, 0.0013756555312842604)	(95, 0.03379402240534671)	(100, 1.5870506821461242e-05)	(105, 0.017147130390179583)	(110, 0.04995146799013997)	(115, 0.02511856855646314)	(120, 0.0)	(125, 0.02467165508437079)	(130, 0.0)	(135, 0.032314891169586524)	(140, 0.02483099497285826)	(145, 0.01681829348883891)	(150, 0.0)
HNF4_FOXF_R3_MKRN250011220-1A_22MVT7LT4_L3_2	(1, 0.11215052350453801)	(2, 0.11311227621791857)	(3, 0.0)	(4, 0.04275831947838088)	(5, 0.17012865902470023)	(6, 0.0)	(7, 0.11636573011631812)	(8, 0.0)	(9, 0.0)	(10, 6.983023001442947e-06)	(15, 0.00017076665339892298)	(20, 4.443741910009147e-06)	(25, 8.82400179273245e-05)	(30, 0.0)	(35, 0.016766238226464517)	(40, 7.6178432743013966e-06)	(45, 6.983023001442947e-06)	(50, 6.348202728584497e-07)	(55, 7.744807328873086e-05)	(60, 0.0)	(65, 0.0001225203126616808)	(70, 0.07532650393683793)	(75, 0.006106971024898286)	(80, 0.03415523514060317)	(85, 0.0)	(90, 0.0010061901324806427)	(95, 0.002024441850145596)	(100, 0.08584166693646529)	(105, 0.015677521458512273)	(110, 0.039626751072370146)	(115, 0.011766393757431366)	(120, 0.004640536194595268)	(125, 0.02832314129385259)	(130, 0.01454055834982279)	(135, 0.013635304640726641)	(140, 0.006272659116114342)	(145, 0.04186512735446904)	(150, 0.0)
HNF4_GFP_R1_MKRN250011208-1A_22MGWFLT4_L3_1	(1, 0.12011554783899771)	(2, 0.25984464518313705)	(3, 1.5504782217503253e-05)	(4, 0.021241551637979462)	(5, 0.006325951144741328)	(6, 0.0)	(7, 0.0)	(8, 0.0)	(9, 0.0)	(10, 0.03650756020933316)	(15, 3.1009564435006512e-06)	(20, 0.03606102248146907)	(25, 6.201912887001301e-05)	(30, 0.046477135175187756)	(35, 0.04223192580403537)	(40, 0.001776848042125873)	(45, 0.033133719598804456)	(50, 0.0005209606825081094)	(55, 0.024162652607757074)	(60, 0.00013644208351402867)	(65, 0.0010078108441377116)	(70, 0.00037211477322007813)	(75, 0.0006698065917961406)	(80, 0.0002914899056890612)	(85, 0.0003224994701240677)	(90, 0.007262439990678524)	(95, 0.00044653772786409376)	(100, 0.0008341572833016751)	(105, 0.0005581721598301172)	(110, 0.0005023549438471055)	(115, 0.00015504782217503257)	(120, 0.00034420616522857226)	(125, 0.025948803519213446)	(130, 2.790860799150586e-05)	(135, 0.007532223201263081)	(140, 0.000595383637152125)	(145, 0.023895970353616017)	(150, 0.00023257173326254882)
HNF4_GFP_R1_MKRN250011208-1A_22MGWFLT4_L3_2	(1, 0.009581955410417013)	(2, 0.0719111799247801)	(3, 0.0036281190388957616)	(4, 0.0019070882127529005)	(5, 0.0004031243376550846)	(6, 0.0)	(7, 0.0026203081947580504)	(8, 0.13152706755108012)	(9, 6.201912887001301e-05)	(10, 0.008512125437409288)	(15, 0.008564841696948797)	(20, 0.0005891817242651237)	(25, 0.00022636982037554755)	(30, 0.00031319660079356574)	(35, 0.0006356960709176335)	(40, 0.000471345379412099)	(45, 0.000728724764222653)	(50, 0.0011442529276517403)	(55, 0.0005364654647256127)	(60, 0.0010078108441377116)	(65, 0.0007845419802056648)	(70, 0.00045894155363809634)	(75, 0.0010729309294512253)	(80, 0.000471345379412099)	(85, 0.004077757723203356)	(90, 0.0007876429366491653)	(95, 0.01785530720167675)	(100, 0.008422197700547768)	(105, 0.0004899511180731029)	(110, 0.00022636982037554755)	(115, 0.002995523924421629)	(120, 0.00035040807811557355)	(125, 0.00042483103275958923)	(130, 2.790860799150586e-05)	(135, 0.00012093730129652539)	(140, 0.00018295643016653842)	(145, 0.002409443156600006)	(150, 0.013427141400357818)
HNF4_GFP_R1_MKRN250011208-1A_22MVT7LT4_L4_1	(1, 0.00011884139646146615)	(2, 0.08988787939724895)	(3, 0.007580830132173525)	(4, 0.048493544566618266)	(5, 0.0)	(6, 6.254810340077165e-06)	(7, 2.501924136030866e-05)	(8, 0.0)	(9, 0.0)	(10, 0.0)	(15, 0.0)	(20, 0.0)	(25, 0.039198896401263596)	(30, 0.00013885678954971307)	(35, 0.0001888952722703304)	(40, 0.0)	(45, 0.0)	(50, 0.00011759043439345071)	(55, 5.2540406856648186e-05)	(60, 0.00010257888957726552)	(65, 7.505772408092599e-06)	(70, 0.00036903381006455276)	(75, 5.3791368924663626e-05)	(80, 0.0)	(85, 0.0)	(90, 0.00022267124810674708)	(95, 0.00022892605844682427)	(100, 3.7528862040462997e-06)	(105, 0.0002939760859836268)	(110, 2.5019241360308663e-06)	(115, 0.0)	(120, 7.255579994489511e-05)	(125, 0.0)	(130, 3.7528862040462997e-06)	(135, 0.0)	(140, 0.0)	(145, 6.880291374084882e-05)	(150, 0.0)
HNF4_GFP_R1_MKRN250011208-1A_22MVT7LT4_L4_2	(1, 0.19233541795737286)	(2, 0.2007606474854568)	(3, 0.0)	(4, 0.0)	(5, 0.0)	(6, 0.0)	(7, 0.0)	(8, 0.0)	(9, 0.0)	(10, 0.00010382985164528093)	(15, 3.7528862040462997e-06)	(20, 7.755964821695686e-05)	(25, 3.7528862040462997e-06)	(30, 2.8772127564354958e-05)	(35, 0.0)	(40, 0.0)	(45, 0.049683209493300934)	(50, 0.0002514433756711021)	(55, 3.7528862040462997e-06)	(60, 2.376827929229323e-05)	(65, 0.03273267347169182)	(70, 0.0001401077516177285)	(75, 0.025479595401338342)	(80, 0.032677631140699145)	(85, 0.04267031614000642)	(90, 0.00036152803765646016)	(95, 0.0012084293577029083)	(100, 4.503463444855559e-05)	(105, 5.3791368924663626e-05)	(110, 0.05329223505952547)	(115, 0.00430330951397309)	(120, 0.004300807589837059)	(125, 0.00721805113244905)	(130, 0.009409736675612087)	(135, 0.006618840301869657)	(140, 0.003964298793540907)	(145, 0.005345360916629946)	(150, 0.0)
HNF4_GFP_R2_MKRN250011213-1A_22MGWFLT4_L3_1	(1, 0.11774238369265265)	(2, 0.2588917137504651)	(3, 2.7217379494371858e-05)	(4, 0.020331382482295775)	(5, 0.006042258247750552)	(6, 0.0)	(7, 0.0)	(8, 0.0)	(9, 0.0)	(10, 0.03517574125852619)	(15, 0.0)	(20, 0.03408704607875131)	(25, 5.9878234887618075e-05)	(30, 0.044059493925489156)	(35, 0.04108735608470375)	(40, 0.001684755790701618)	(45, 0.03241589897779688)	(50, 0.0005824519211795577)	(55, 0.023273581205637373)	(60, 0.00017691296671341704)	(65, 0.0009526082823030149)	(70, 0.0003619911472751457)	(75, 0.0006096693006739295)	(80, 0.0002912259605897788)	(85, 0.0003511041954773969)	(90, 0.006992144792104129)	(95, 0.00046269545140432153)	(100, 0.0009008952612637084)	(105, 0.0005906171350278692)	(110, 0.0005035215206458793)	(115, 0.0001714694908145427)	(120, 0.0003511041954773969)	(125, 0.024865797906058126)	(130, 1.9052165646060297e-05)	(135, 0.007332362035783777)	(140, 0.0005606780175840602)	(145, 0.024256128605384196)	(150, 0.0001496955872190452)
HNF4_GFP_R2_MKRN250011213-1A_22MGWFLT4_L3_2	(1, 0.008709561438198994)	(2, 0.0738815766374724)	(3, 0.004096215613902964)	(4, 0.0017827383568813566)	(5, 0.00031299986418527635)	(6, 0.0)	(7, 0.002068520841572261)	(8, 0.13135107343983857)	(9, 0.0)	(10, 0.00786037919797459)	(15, 0.008116222565221688)	(20, 0.000571564969381809)	(25, 0.00023134772570216076)	(30, 0.0003429389816290854)	(35, 0.0006232779904211154)	(40, 0.0005307389001402512)	(45, 0.0007076518668536682)	(50, 0.0010995821315726228)	(55, 0.0005198519483425024)	(60, 0.0010070430412917586)	(65, 0.0008845648335670853)	(70, 0.0004708606652526331)	(75, 0.000938999592555829)	(80, 0.0005633997555334974)	(85, 0.003943798288734482)	(90, 0.0007403127222469144)	(95, 0.017073462156819465)	(100, 0.008456439808901334)	(105, 0.0004980780447470049)	(110, 0.0002422346774999095)	(115, 0.0029803030546337182)	(120, 0.00040009547856726627)	(125, 0.000484469354999819)	(130, 2.449564154493467e-05)	(135, 9.798256617973868e-05)	(140, 0.0002395129395504723)	(145, 0.002302590305223859)	(150, 0.012098125185248288)
HNF4_GFP_R2_MKRN250011213-1A_22MVT7LT4_L4_1	(1, 0.00011146255875121808)	(2, 0.0885082380583891)	(3, 0.006680787115151133)	(4, 0.047615411816535974)	(5, 0.0)	(6, 6.96640992195113e-06)	(7, 3.483204960975565e-05)	(8, 0.0)	(9, 0.0)	(10, 0.0)	(15, 0.0)	(20, 0.0)	(25, 0.04027420904078387)	(30, 0.00015465430026731508)	(35, 0.00021595870758048502)	(40, 0.0)	(45, 0.0)	(50, 9.752973890731582e-05)	(55, 5.851784334438948e-05)	(60, 0.00010449614882926694)	(65, 1.1146255875121807e-05)	(70, 0.00040126521150438507)	(75, 6.687753525073085e-05)	(80, 0.0)	(85, 0.0)	(90, 0.00020759901567414367)	(95, 0.0002215318355180459)	(100, 1.393281984390226e-06)	(105, 0.0002744765509248745)	(110, 0.0)	(115, 0.0)	(120, 7.802379112585266e-05)	(125, 0.0)	(130, 4.179845953170678e-06)	(135, 0.0)	(140, 0.0)	(145, 5.1551433422438356e-05)	(150, 0.0)
HNF4_GFP_R2_MKRN250011213-1A_22MVT7LT4_L4_2	(1, 0.1903641175272366)	(2, 0.19627163314105112)	(3, 0.0)	(4, 0.0)	(5, 0.0)	(6, 0.0)	(7, 0.0)	(8, 0.0)	(9, 0.0)	(10, 0.00012121553264194967)	(15, 2.786563968780452e-06)	(20, 5.712456135999926e-05)	(25, 2.786563968780452e-06)	(30, 1.9505947781463166e-05)	(35, 0.0)	(40, 0.0)	(45, 0.05017905066781399)	(50, 0.00022849824543999704)	(55, 2.786563968780452e-06)	(60, 3.901189556292633e-05)	(65, 0.03290653390732836)	(70, 0.00013793491645463235)	(75, 0.025396744011465036)	(80, 0.032920466727172255)	(85, 0.0436348051871331)	(90, 0.0003608600339570685)	(95, 0.0012609201958731545)	(100, 4.179845953170678e-05)	(105, 5.573127937560904e-05)	(110, 0.053554972915991504)	(115, 0.0041575534414204345)	(120, 0.00432056743359409)	(125, 0.007187941757469175)	(130, 0.009383754164868172)	(135, 0.0066473483475257686)	(140, 0.0039193022220897055)	(145, 0.00530004466862042)	(150, 0.0)
HNF4_GFP_R3_MKRN250011218-1A_22MVT7LT4_L4_1	(1, 6.947448230350422e-05)	(2, 0.08940774600271174)	(3, 0.007086397194957429)	(4, 0.04841336690222064)	(5, 0.0)	(6, 5.912721898170571e-06)	(7, 2.5129068067224928e-05)	(8, 0.0)	(9, 0.0)	(10, 0.0)	(15, 0.0)	(20, 0.0)	(25, 0.03935507695422332)	(30, 0.000144861686505179)	(35, 0.00021344926052395763)	(40, 0.0)	(45, 0.0)	(50, 0.00010672463026197881)	(55, 5.705776631734601e-05)	(60, 8.691701190310739e-05)	(65, 1.5077440840334956e-05)	(70, 0.0003491462280869722)	(75, 6.385739650024217e-05)	(80, 0.0)	(85, 0.0)	(90, 0.0001974849113988971)	(95, 0.00022497906822539022)	(100, 3.251997043993814e-06)	(105, 0.00032106079907066203)	(110, 5.912721898170572e-07)	(115, 2.956360949085286e-07)	(120, 7.272647934749802e-05)	(125, 0.0)	(130, 3.843269233810871e-06)	(135, 0.0)	(140, 0.0)	(145, 4.96668639446328e-05)	(150, 0.0)
HNF4_GFP_R3_MKRN250011218-1A_22MVT7LT4_L4_2	(1, 0.19211763809583277)	(2, 0.1978736728637018)	(3, 0.0)	(4, 0.0)	(5, 0.0)	(6, 0.0)	(7, 0.0)	(8, 0.0)	(9, 0.0)	(10, 0.00013806205632228285)	(15, 1.7738165694511714e-06)	(20, 6.681375744932746e-05)	(25, 2.660724854176757e-06)	(30, 2.3355251497773757e-05)	(35, 0.0)	(40, 0.0)	(45, 0.04975614604529518)	(50, 0.00027582847654965715)	(55, 3.5476331389023428e-06)	(60, 2.5129068067224928e-05)	(65, 0.032687891741846185)	(70, 0.00014249659774591078)	(75, 0.026061208674471516)	(80, 0.03253623042515811)	(85, 0.04232178516663041)	(90, 0.00030893971917941236)	(95, 0.0012239334329213084)	(100, 3.577196748393196e-05)	(105, 4.434541423627929e-05)	(110, 0.05250290100309032)	(115, 0.004221092163103971)	(120, 0.0042790368377060425)	(125, 0.007116256440543192)	(130, 0.009206403631546489)	(135, 0.006558686765545706)	(140, 0.003757830402382307)	(145, 0.005302528998279369)	(150, 0.0)
HNF4_NKX_R1_MKRN250011209-1A_22MGWFLT4_L3_1	(1, 0.11985078819763291)	(2, 0.2563571578471662)	(3, 0.0)	(4, 0.021457940770531612)	(5, 0.005982129671474208)	(6, 0.0)	(7, 0.0)	(8, 0.0)	(9, 0.0)	(10, 0.035726222214326246)	(15, 8.327790725950173e-06)	(20, 0.03509331011915403)	(25, 9.160569798545191e-05)	(30, 0.04569736364353058)	(35, 0.0417499908394302)	(40, 0.0017016452383358189)	(45, 0.03335280185743045)	(50, 0.0005302026762188277)	(55, 0.02396182984880063)	(60, 0.0001526761633090865)	(65, 0.0009743515149361702)	(70, 0.0002775930241983391)	(75, 0.0006023768625103958)	(80, 0.00026648930323040554)	(85, 0.0003025763963761896)	(90, 0.007017551651734013)	(95, 0.00041083767581354184)	(100, 0.0007800363979973329)	(105, 0.0004774600016211433)	(110, 0.0004274932572654422)	(115, 0.0001221409306472692)	(120, 0.0002970245358922228)	(125, 0.02569401031979827)	(130, 2.4983372177850517e-05)	(135, 0.007383974443675821)	(140, 0.0005690656996065952)	(145, 0.024586414153246895)	(150, 0.0002775930241983391)
HNF4_NKX_R1_MKRN250011209-1A_22MGWFLT4_L3_2	(1, 0.009563079683632783)	(2, 0.07127200896292357)	(3, 0.004108376758135419)	(4, 0.0019015122157586227)	(5, 0.0004302691875074256)	(6, 0.0)	(7, 0.0026093744274643875)	(8, 0.13116270393371524)	(9, 5.5518604839667825e-05)	(10, 0.008547089215066861)	(15, 0.008372205609821907)	(20, 0.0005635138391226283)	(25, 0.00016655581451900347)	(30, 0.00026648930323040554)	(35, 0.0005968250020264291)	(40, 0.000369198722183791)	(45, 0.0006912066302538644)	(50, 0.0010909405850994727)	(55, 0.0004635803504112263)	(60, 0.0009604718637262533)	(65, 0.0006801029092859308)	(70, 0.0003719746524257744)	(75, 0.00096602372421022)	(80, 0.0004996674435570103)	(85, 0.0039001819899866642)	(90, 0.0007300696536416319)	(95, 0.017074746918439836)	(100, 0.008844113750959084)	(105, 0.00047468407137915986)	(110, 0.00019431511693883736)	(115, 0.0030396436149718133)	(120, 0.0003109041871021398)	(125, 0.00039695802460362495)	(130, 1.6655581451900346e-05)	(135, 9.715755846941868e-05)	(140, 0.00019709104718082076)	(145, 0.0022956943101202646)	(150, 0.012741519810703764)
HNF4_NKX_R1_MKRN250011209-1A_22MVT7LT4_L4_1	(1, 0.00011471881663314161)	(2, 0.08526023208824171)	(3, 0.006907280327806)	(4, 0.04621960743824731)	(5, 0.0)	(6, 0.0)	(7, 4.830265963500699e-05)	(8, 0.0)	(9, 0.0)	(10, 0.0)	(15, 0.0)	(20, 0.0)	(25, 0.03989437415904315)	(30, 0.0001292096145236437)	(35, 0.0001907955055582776)	(40, 0.0)	(45, 0.0)	(50, 0.00010264315172438986)	(55, 5.675562507113321e-05)	(60, 8.815235383388776e-05)	(65, 7.245398945251049e-06)	(70, 0.0003344959179724234)	(75, 6.158589103463391e-05)	(80, 0.0)	(85, 0.0)	(90, 0.00017147444170427482)	(95, 0.00023789059870240944)	(100, 1.2075664908751746e-06)	(105, 0.0002922310907917923)	(110, 1.2075664908751746e-06)	(115, 0.0)	(120, 6.400102401638426e-05)	(125, 0.0)	(130, 1.2075664908751746e-06)	(135, 0.0)	(140, 0.0)	(145, 5.313292559850769e-05)	(150, 0.0)
HNF4_NKX_R1_MKRN250011209-1A_22MVT7LT4_L4_2	(1, 0.1876980975091828)	(2, 0.19296308740939855)	(3, 0.0)	(4, 0.0)	(5, 0.0)	(6, 0.0)	(7, 0.0)	(8, 0.0)	(9, 0.0)	(10, 0.0001388701464506451)	(15, 1.2075664908751746e-06)	(20, 5.796319156200839e-05)	(25, 1.2075664908751746e-06)	(30, 2.7774029290129016e-05)	(35, 0.0)	(40, 0.0)	(45, 0.049906307934889226)	(50, 0.0002499662636111612)	(55, 1.2075664908751746e-06)	(60, 3.260429525362972e-05)	(65, 0.03264172981484685)	(70, 0.00013766257995976992)	(75, 0.02519828996509227)	(80, 0.03274678809955299)	(85, 0.042540152340550655)	(90, 0.0002729100269377895)	(95, 0.0011737546291306698)	(100, 3.260429525362972e-05)	(105, 3.743456121713042e-05)	(110, 0.052546048283942354)	(115, 0.004125047132829597)	(120, 0.00435206963311413)	(125, 0.007055811006183646)	(130, 0.009132825370488947)	(135, 0.006291421417459661)	(140, 0.003608208674735022)	(145, 0.005204611575672004)	(150, 0.0)
HNF4_NKX_R2_MKRN250011214-1A_22MVT7LT4_L4_1	(1, 0.00010079157334066918)	(2, 0.08628654603057642)	(3, 0.006802311294124717)	(4, 0.04779648398451577)	(5, 0.0)	(6, 2.2398127409037594e-06)	(7, 2.2398127409037593e-05)	(8, 0.0)	(9, 0.0)	(10, 0.0)	(15, 0.0)	(20, 0.0)	(25, 0.04027832853839821)	(30, 0.00013461274572831595)	(35, 0.00021143832274131486)	(40, 0.0)	(45, 0.0)	(50, 0.00010303138608157293)	(55, 5.980300018213037e-05)	(60, 7.749752083527007e-05)	(65, 1.1423044978609173e-05)	(70, 0.00034000357406919064)	(75, 6.674641967893203e-05)	(80, 2.2398127409037594e-07)	(85, 0.0)	(90, 0.0001776171503536681)	(95, 0.0002345083939726236)	(100, 1.1199063704518797e-06)	(105, 0.00028781593720613303)	(110, 6.719438222711278e-07)	(115, 0.0)	(120, 6.181883164894376e-05)	(125, 0.0)	(130, 4.479625481807519e-07)	(135, 0.0)	(140, 0.0)	(145, 5.084374921851534e-05)	(150, 0.0)
HNF4_NKX_R2_MKRN250011214-1A_22MVT7LT4_L4_2	(1, 0.1897143789672893)	(2, 0.19782362099573136)	(3, 0.0)	(4, 0.0)	(5, 0.0)	(6, 0.0)	(7, 0.0)	(8, 0.0)	(9, 0.0)	(10, 0.0001348367270024063)	(15, 1.1199063704518797e-06)	(20, 6.271475674530526e-05)	(25, 1.1199063704518797e-06)	(30, 2.6653771616754738e-05)	(35, 0.0)	(40, 0.0)	(45, 0.05128633621611792)	(50, 0.00024167579474351563)	(55, 1.3438876445422557e-06)	(60, 3.090941582447188e-05)	(65, 0.03373852329750742)	(70, 0.00014088422140284644)	(75, 0.02430308814517624)	(80, 0.0336039105517791)	(85, 0.04345931059302973)	(90, 0.00031514165264515896)	(95, 0.0011608949436104185)	(100, 4.0092648062177295e-05)	(105, 5.196365558896722e-05)	(110, 0.0543470403265629)	(115, 0.0040601085554362445)	(120, 0.0040706356753184925)	(125, 0.007010389897754676)	(130, 0.008995759911291768)	(135, 0.006338894038031728)	(140, 0.003802082127684131)	(145, 0.0050949020417337815)	(150, 0.0)
HNF4_NKX_R3_MKRN250011219-1A_22MVT7LT4_L4_1	(1, 9.331310248718015e-05)	(2, 0.09060278101039343)	(3, 0.007214799424122429)	(4, 0.0478059990060458)	(5, 0.0)	(6, 4.241504658508189e-06)	(7, 2.9690532609557324e-05)	(8, 0.0)	(9, 0.0)	(10, 8.483009317016377e-07)	(15, 0.0)	(20, 0.0)	(25, 0.0404011801732222)	(30, 0.00015863227422820627)	(35, 0.00020274392267669142)	(40, 0.0)	(45, 0.0)	(50, 0.00011706552857482602)	(55, 6.531917174102611e-05)	(60, 8.567839410186542e-05)	(65, 1.4421115838927844e-05)	(70, 0.00034949998386107477)	(75, 8.313349130676051e-05)	(80, 0.0)	(85, 0.0)	(90, 0.00018917110776946522)	(95, 0.0002536419785787897)	(100, 1.6966018634032754e-06)	(105, 0.00032659585870513055)	(110, 8.483009317016377e-07)	(115, 0.0)	(120, 7.889198664825232e-05)	(125, 0.0)	(130, 1.6966018634032754e-06)	(135, 0.0)	(140, 0.0)	(145, 5.7684463355711376e-05)	(150, 0.0)
HNF4_NKX_R3_MKRN250011219-1A_22MVT7LT4_L4_2	(1, 0.18906082864834403)	(2, 0.19728510618119138)	(3, 0.0)	(4, 0.0)	(5, 0.0)	(6, 0.0)	(7, 0.0)	(8, 0.0)	(9, 0.0)	(10, 0.00013318324627715713)	(15, 1.6966018634032754e-06)	(20, 7.210557919463922e-05)	(25, 3.393203726806551e-06)	(30, 3.308373633636387e-05)	(35, 0.0)	(40, 0.0)	(45, 0.04942455718373252)	(50, 0.0002807876083932421)	(55, 3.393203726806551e-06)	(60, 2.8842231677855688e-05)	(65, 0.03314142079971959)	(70, 0.00014675606118438333)	(75, 0.025275974560982)	(80, 0.03285045358014592)	(85, 0.04265850895248026)	(90, 0.0003164162475247109)	(95, 0.0011740484894750666)	(100, 3.393203726806551e-05)	(105, 4.071844472167861e-05)	(110, 0.05268288106239852)	(115, 0.004016704911607254)	(120, 0.00440777164112171)	(125, 0.007003572492128721)	(130, 0.00910566220088538)	(135, 0.006408913539005873)	(140, 0.003748641817189537)	(145, 0.005181422090833604)	(150, 0.0)
HNF4_R1_MKRN250011207-1A_22MGWFLT4_L3_1	(1, 0.11256790048593335)	(2, 0.26070128983852114)	(3, 3.208433817469954e-05)	(4, 0.021143578857127)	(5, 0.006416867634939908)	(6, 0.0)	(7, 0.0)	(8, 0.0)	(9, 0.0)	(10, 0.03304365988612306)	(15, 3.208433817469954e-06)	(20, 0.03249822613715316)	(25, 0.00010908674979397844)	(30, 0.041292543230838315)	(35, 0.03756755156875569)	(40, 0.0017774723348783546)	(45, 0.03193675021909593)	(50, 0.0005165578446126626)	(55, 0.02116603789384929)	(60, 0.00013796265415120802)	(65, 0.000994614483415686)	(70, 0.0003240518155644654)	(75, 0.0006128108591367613)	(80, 0.00023421566867530666)	(85, 0.0003080096464771156)	(90, 0.006532371252368827)	(95, 0.00031763494792952547)	(100, 0.0007122723074783298)	(105, 0.000497307241707843)	(110, 0.0004652229035331433)	(115, 0.00015079638942108785)	(120, 0.0002887590435722959)	(125, 0.024233300623350565)	(130, 2.8875904357229586e-05)	(135, 0.00694946764863992)	(140, 0.0005999771238668814)	(145, 0.025574425959053)	(150, 0.0002566747053975963)
HNF4_R1_MKRN250011207-1A_22MGWFLT4_L3_2	(1, 0.009288415901575519)	(2, 0.07235018258394747)	(3, 0.004235132639060339)	(4, 0.0022298615031416183)	(5, 0.0004652229035331433)	(6, 0.0)	(7, 0.00208548198135547)	(8, 0.12771170810439153)	(9, 1.604216908734977e-05)	(10, 0.007642489353213431)	(15, 0.007312020670014026)	(20, 0.0006160192929542312)	(25, 0.0001957144628656672)	(30, 0.00026950844066747615)	(35, 0.0006256445944066411)	(40, 0.00031763494792952547)	(45, 0.0006224361605891711)	(50, 0.0010876590641223144)	(55, 0.0005133494107951926)	(60, 0.0008341927925421882)	(65, 0.0007122723074783298)	(70, 0.0003753867566439846)	(75, 0.0008630686968994178)	(80, 0.000494098807890373)	(85, 0.004061877212916962)	(90, 0.0006833964031211003)	(95, 0.016924488387154008)	(100, 0.008810359262772495)	(105, 0.0005518506166048321)	(110, 0.00018608916141325734)	(115, 0.0030929302000410356)	(120, 0.00022779880104036675)	(125, 0.0004363469991759138)	(130, 2.5667470539759632e-05)	(135, 0.00012512891888132822)	(140, 0.00022138193340542686)	(145, 0.0023999084954675256)	(150, 0.01262518707174427)
HNF4_R1_MKRN250011207-1A_22MVT7LT4_L4_1	(1, 7.409482062384875e-05)	(2, 0.08947959974247335)	(3, 0.0067561004623382095)	(4, 0.048437805009645125)	(5, 0.0)	(6, 6.7358927839862495e-06)	(7, 6.7358927839862495e-06)	(8, 0.0)	(9, 0.0)	(10, 0.0)	(15, 0.0)	(20, 0.0)	(25, 0.04141631037161786)	(30, 0.000140106569906914)	(35, 0.00018321628372442602)	(40, 0.0)	(45, 0.0)	(50, 9.699685608940201e-05)	(55, 6.062303505587625e-05)	(60, 9.160814186221301e-05)	(65, 1.481896412476975e-05)	(70, 0.00034218335342650147)	(75, 6.4664570726268e-05)	(80, 0.0)	(85, 0.0)	(90, 0.00019534089073560125)	(95, 0.00027886596125703073)	(100, 4.04153567039175e-06)	(105, 0.00030850388950657025)	(110, 1.34717855679725e-06)	(115, 0.0)	(120, 7.678917773744325e-05)	(125, 0.0)	(130, 4.04153567039175e-06)	(135, 0.0)	(140, 0.0)	(145, 4.176253526071475e-05)	(150, 0.0)
HNF4_R1_MKRN250011207-1A_22MVT7LT4_L4_2	(1, 0.18882728241348654)	(2, 0.20008295925552758)	(3, 0.0)	(4, 0.0)	(5, 0.0)	(6, 0.0)	(7, 0.0)	(8, 0.0)	(9, 0.0)	(10, 0.00013067632000933325)	(15, 5.388714227189e-06)	(20, 5.523432082868725e-05)	(25, 6.7358927839862495e-06)	(30, 2.4249214022350502e-05)	(35, 0.0)	(40, 0.0)	(45, 0.04981731585180551)	(50, 0.000258658282905072)	(55, 6.7358927839862495e-06)	(60, 2.2902035465553253e-05)	(65, 0.033905789917473186)	(70, 0.00018186910516762876)	(75, 0.02558696232925017)	(80, 0.034216988164093354)	(85, 0.043985379879430214)	(90, 0.00031389260373375924)	(95, 0.0011949473798791607)	(100, 6.19702136126735e-05)	(105, 6.73589278398625e-05)	(110, 0.054152536447579065)	(115, 0.004196461204423434)	(120, 0.003962052135540713)	(125, 0.007091547922980724)	(130, 0.009210659792822798)	(135, 0.006564801107272999)	(140, 0.004017286456369399)	(145, 0.005030364731080932)	(150, 0.0)
HNF4_R2_MKRN250011212-1A_22MGWFLT4_L3_1	(1, 0.11578111757119458)	(2, 0.2654018146156451)	(3, 4.24054880617243e-05)	(4, 0.021739880212977323)	(5, 0.006148795768950023)	(6, 0.0)	(7, 0.0)	(8, 0.0)	(9, 0.0)	(10, 0.0332543837380042)	(15, 2.8270325374482867e-06)	(20, 0.0317617105582315)	(25, 0.0001046002038855866)	(30, 0.041339696795106295)	(35, 0.03710480205400876)	(40, 0.0017612412708302824)	(45, 0.03262395548215323)	(50, 0.000562579474952209)	(55, 0.021157511510262978)	(60, 0.0001894111800090352)	(65, 0.0009894613881069004)	(70, 0.00032793577434400126)	(75, 0.0005936768328641401)	(80, 0.0002911843513571735)	(85, 0.00032510874180655293)	(90, 0.006654834593153266)	(95, 0.0004438441083793809)	(100, 0.0008141853707851065)	(105, 0.0005710605725645539)	(110, 0.0005456172797275193)	(115, 0.00015831382209710403)	(120, 0.0003505520346435875)	(125, 0.02387428977875078)	(130, 2.8270325374482862e-05)	(135, 0.007019521790484096)	(140, 0.0005399632146526227)	(145, 0.025064470477016508)	(150, 0.0002827032537448287)
HNF4_R2_MKRN250011212-1A_22MGWFLT4_L3_2	(1, 0.008947557981023826)	(2, 0.0731494669064744)	(3, 0.004707009174851397)	(4, 0.001569003058283799)	(5, 0.0003109735791193115)	(6, 0.0)	(7, 0.002134409565773456)	(8, 0.13045341644055117)	(9, 1.4135162687241431e-05)	(10, 0.007720625859771271)	(15, 0.00783653419380665)	(20, 0.0005993308979390367)	(25, 0.00020071931015882834)	(30, 0.00027987622120738035)	(35, 0.000641736386000761)	(40, 0.0004325359782295878)	(45, 0.0006869689065999336)	(50, 0.0010997156570673836)	(55, 0.0005371361821151744)	(60, 0.0009555369976575208)	(65, 0.0007972231755604168)	(70, 0.0004410170758419327)	(75, 0.000947055900045176)	(80, 0.00048342256390365696)	(85, 0.004189662220498361)	(90, 0.0007124121994369682)	(95, 0.017117682014249375)	(100, 0.009052158184909414)	(105, 0.000542790247190071)	(110, 0.00021202744030862148)	(115, 0.00301927074999477)	(120, 0.00032793577434400126)	(125, 0.0004438441083793809)	(130, 3.3924390449379435e-05)	(135, 9.046504119834517e-05)	(140, 0.00022333557045841465)	(145, 0.0025104048932540783)	(150, 0.01253788930358315)
HNF4_R2_MKRN250011212-1A_22MVT7LT4_L4_1	(1, 6.665400644507886e-05)	(2, 0.08888614732207835)	(3, 0.0071562165101489205)	(4, 0.04803330082637637)	(5, 0.0)	(6, 0.0)	(7, 3.635673078822483e-05)	(8, 0.0)	(9, 0.0)	(10, 0.0)	(15, 0.0)	(20, 0.0)	(25, 0.0411982354381901)	(30, 0.00015512205136309262)	(35, 0.00020965714754542984)	(40, 0.0)	(45, 0.0)	(50, 0.00011876532057486779)	(55, 5.453509618233725e-05)	(60, 7.756102568154631e-05)	(65, 1.9390256420386578e-05)	(70, 0.00028843006425325035)	(75, 7.150157055017551e-05)	(80, 0.0)	(85, 0.0)	(90, 0.00016724096162583422)	(95, 0.0002799468270693312)	(100, 0.0)	(105, 0.0003417532694093134)	(110, 0.0)	(115, 0.0)	(120, 6.907778849762718e-05)	(125, 0.0)	(130, 0.0)	(135, 0.0)	(140, 0.0)	(145, 6.423022439253053e-05)	(150, 0.0)
HNF4_R2_MKRN250011212-1A_22MVT7LT4_L4_2	(1, 0.1875643741364519)	(2, 0.1975321778275569)	(3, 0.0)	(4, 0.0)	(5, 0.0)	(6, 0.0)	(7, 0.0)	(8, 0.0)	(9, 0.0)	(10, 0.00014300314110035102)	(15, 1.2118910262741611e-06)	(20, 7.392535260272381e-05)	(25, 1.2118910262741611e-06)	(30, 2.18140384729349e-05)	(35, 0.0)	(40, 0.0)	(45, 0.0502219760198275)	(50, 0.00028237060912187956)	(55, 1.2118910262741611e-06)	(60, 2.4237820525483223e-05)	(65, 0.03400081463314786)	(70, 0.0001587577244419151)	(75, 0.025031609147692795)	(80, 0.033966881684412184)	(85, 0.045185356914632095)	(90, 0.00033690570530421675)	(95, 0.0011985602249851453)	(100, 4.9687532077240605e-05)	(105, 7.271346157644966e-05)	(110, 0.055056209323635134)	(115, 0.004126488944463518)	(120, 0.004034385226466682)	(125, 0.007256803465329677)	(130, 0.009038283273952693)	(135, 0.006381818144359732)	(140, 0.0039592479828376844)	(145, 0.00489603974614761)	(150, 0.0)
HNF4_R3_MKRN250011217-1A_22MVT7LT4_L4_1	(1, 0.00011604360918833297)	(2, 0.09062576086463663)	(3, 0.007121639275002509)	(4, 0.04829563097960361)	(5, 0.0)	(6, 0.0)	(7, 4.29791145141974e-05)	(8, 4.29791145141974e-06)	(9, 0.0)	(10, 0.0)	(15, 0.0)	(20, 0.0)	(25, 0.04007888386677936)	(30, 0.0001701972934762217)	(35, 0.0002097380788292833)	(40, 0.0)	(45, 0.0)	(50, 0.00012979692583287613)	(55, 6.44686717712961e-05)	(60, 9.283488735066637e-05)	(65, 1.2893734354259219e-05)	(70, 0.00033265834633988787)	(75, 6.1030342610160305e-05)	(80, 0.0)	(85, 0.0)	(90, 0.0001701972934762217)	(95, 0.00024927886418234495)	(100, 3.4383291611357916e-06)	(105, 0.000330079599469036)	(110, 0.0)	(115, 0.0)	(120, 7.478365925470347e-05)	(125, 0.0)	(130, 2.5787468708518436e-06)	(135, 0.0)	(140, 0.0)	(145, 6.360908948101215e-05)	(150, 0.0)
HNF4_R3_MKRN250011217-1A_22MVT7LT4_L4_2	(1, 0.1916223820615491)	(2, 0.2008757854164558)	(3, 0.0)	(4, 0.0)	(5, 0.0)	(6, 0.0)	(7, 0.0)	(8, 0.0)	(9, 0.0)	(10, 0.00012807776125230825)	(15, 3.4383291611357916e-06)	(20, 7.994115299640717e-05)	(25, 3.4383291611357916e-06)	(30, 2.492788641823449e-05)	(35, 0.0)	(40, 0.0)	(45, 0.049567812769223854)	(50, 0.0002836621557937028)	(55, 5.157493741703687e-06)	(60, 3.352370932107397e-05)	(65, 0.03291942297100436)	(70, 0.000165039799734518)	(75, 0.025986032217574027)	(80, 0.03279736228578403)	(85, 0.04322237630234775)	(90, 0.0003317987640496039)	(95, 0.0012343601688477493)	(100, 4.12599499336295e-05)	(105, 6.1030342610160305e-05)	(110, 0.053419601011986236)	(115, 0.004274702729582073)	(120, 0.00432627766699911)	(125, 0.007134533009356767)	(130, 0.009317012444387712)	(135, 0.006592996166477881)	(140, 0.003907661091630828)	(145, 0.005266660692569749)	(150, 0.0)
