Sample	0	1	2	3	4	5	6	7	8	9	10	11	12	13	14	15	16	17	18	19	20	21	22	23	24	25	26	27	28	29	30	31	32	33	34	35	36	37	38	39	40	41	42	43	44	45	46	47	48	49	50	51	52	53	54	55	56	57	58	59	60	61	62	63	64	65	66	67	68	69	70	71	72	73
GFP_R1_MKRN250011206-1A_22MGWFLT4_L3_1 - illumina_universal_adapter	(1, 0.0007582360105820584)	(2, 0.0007582360105820584)	(3, 0.0007582360105820584)	(4, 0.0008019803958079464)	(5, 0.0008019803958079464)	(6, 0.0008165618575499091)	(7, 0.0008165618575499091)	(8, 0.0008311433192918717)	(9, 0.0008311433192918717)	(10, 0.0008311433192918717)	(12, 0.0008748877045177596)	(14, 0.000904050628001685)	(16, 0.000925922820614629)	(18, 0.0009769579367114984)	(20, 0.0009842486675824798)	(22, 0.001013411591066405)	(24, 0.001035283783679349)	(26, 0.0010717374380342557)	(28, 0.0011519354776150504)	(30, 0.0012248427863248636)	(32, 0.0014654369050672474)	(34, 0.0017716476016484636)	(36, 0.0019320436808100527)	(38, 0.002063276836487717)	(40, 0.0022674173008751936)	(42, 0.0026465353061662232)	(44, 0.0029600367336184204)	(46, 0.0033974805858773003)	(48, 0.00427236829039506)	(50, 0.0051472559949128196)	(52, 0.006510622667786329)	(54, 0.007866698609788857)	(56, 0.009485240863146711)	(58, 0.011978670821022327)	(60, 0.01523033678948)	(62, 0.01891215587932557)	(64, 0.022805406164429602)	(66, 0.027529799768825504)	(68, 0.033756083932643566)	(70, 0.04075518556878564)	(72, 0.04837399932896113)	(74, 0.05781549580688196)	(76, 0.06836518337719194)	(78, 0.08038759858344016)	(80, 0.09399210238869132)	(82, 0.10965259229955922)	(84, 0.12693891519465594)	(86, 0.14572712864917486)	(88, 0.16669527063411715)	(90, 0.19070364739225867)	(92, 0.2164253459050808)	(94, 0.2439915993282612)	(96, 0.27311077842696063)	(98, 0.3044609211721804)	(100, 0.33816596998872706)	(102, 0.3758153042064747)	(104, 0.4171172945905839)	(106, 0.46022738623069653)	(108, 0.5038259568391649)	(110, 0.55059599537651)	(112, 0.6003771057635706)	(114, 0.6555314848025444)	(116, 0.7157164681424953)	(118, 0.7779647283189339)	(120, 0.843508398849056)	(122, 0.9137327185983483)	(124, 0.9882002437145516)	(126, 1.0672026034325053)	(128, 1.1486327765304958)	(130, 1.2353851831643028)	(132, 1.331703028700837)	(134, 1.4333941428892847)	(136, 1.542193719676939)	(138, 1.6570737660109918)
GFP_R1_MKRN250011206-1A_22MGWFLT4_L3_2 - illumina_universal_adapter	(1, 0.0007582360105820584)	(2, 0.0007582360105820584)	(3, 0.0007582360105820584)	(4, 0.0007873989340659838)	(5, 0.0007873989340659838)	(6, 0.0008019803958079464)	(7, 0.0008019803958079464)	(8, 0.0008311433192918717)	(9, 0.0008311433192918717)	(10, 0.0008311433192918717)	(12, 0.0008530155119048158)	(14, 0.0008748877045177598)	(16, 0.0009113413588726664)	(18, 0.0009623764749695356)	(20, 0.0009623764749695356)	(22, 0.000991539398453461)	(24, 0.0010207023219373863)	(26, 0.0010571559762922928)	(28, 0.001144644746744069)	(30, 0.0012175520554538822)	(32, 0.001450855443325285)	(34, 0.0018008105251323889)	(36, 0.0019684973351649596)	(38, 0.002077858298229679)	(40, 0.0022674173008751936)	(42, 0.0027267333457470177)	(44, 0.0031131420819090283)	(46, 0.0036307839737487026)	(48, 0.004534834601750388)	(50, 0.00547533888410698)	(52, 0.0067949611717546005)	(54, 0.00810729272853124)	(56, 0.009660218404050264)	(58, 0.012241137132377655)	(60, 0.015558419678674159)	(62, 0.01932772753897151)	(64, 0.023308466594527316)	(66, 0.028054732391536163)	(68, 0.03421539997751538)	(70, 0.04118533869017354)	(72, 0.048796861719478044)	(74, 0.05812899723433415)	(76, 0.06852557945635354)	(78, 0.08061361124044059)	(80, 0.09421811504569173)	(82, 0.10989318641830159)	(84, 0.12693162446378498)	(86, 0.14577087303440073)	(88, 0.16673172428847205)	(90, 0.19057970496745197)	(92, 0.2160389371689188)	(94, 0.2433354335498729)	(96, 0.2721046575667653)	(98, 0.3032214969241136)	(100, 0.33672969600714375)	(102, 0.3741967619531168)	(104, 0.4152727396802256)	(106, 0.45783602650501465)	(108, 0.5012742010343214)	(110, 0.5476359586428916)	(112, 0.5969723344468223)	(114, 0.651769467673118)	(116, 0.7116263681238748)	(118, 0.7737433951446357)	(120, 0.8391631232499512)	(122, 0.9090447786483072)	(124, 0.9831331857592195)	(126, 1.0619678586671406)	(128, 1.1429387157202595)	(130, 1.2290568287682908)	(132, 1.3248497416821146)	(134, 1.4258919808230446)	(136, 1.5344655449536986)	(138, 1.648733169894589)
GFP_R1_MKRN250011206-1A_22MVT7LT4_L4_1 - illumina_universal_adapter	(1, 0.0006238744265554229)	(2, 0.0006238744265554229)	(3, 0.000637738302701099)	(4, 0.0007001257453566413)	(5, 0.0007001257453566413)	(6, 0.0007209215595751553)	(7, 0.0007209215595751553)	(8, 0.0007486493118665075)	(9, 0.0007555812499393455)	(10, 0.0007555812499393455)	(12, 0.0007625131880121835)	(14, 0.0007625131880121835)	(16, 0.0007729110951214406)	(18, 0.0007867749712671167)	(20, 0.0008110367545220498)	(22, 0.0008145027235584688)	(24, 0.0008179686925948879)	(26, 0.0008352985377769829)	(28, 0.0008803561352504301)	(30, 0.0009323456707967154)	(32, 0.0011437697820182754)	(34, 0.0013759897074583495)	(36, 0.0015042305618058532)	(38, 0.0016116756019348426)	(40, 0.0018057698679743075)	(42, 0.0020483877005236387)	(44, 0.002384586697056283)	(46, 0.0027901050743173077)	(48, 0.003420911438945569)	(50, 0.004374052923960798)	(52, 0.0055282206130883305)	(54, 0.006886880475364585)	(56, 0.008654524683938285)	(58, 0.011264399368361804)	(60, 0.014390703439211755)	(62, 0.017666044178627726)	(64, 0.021856400743658314)	(66, 0.026649835921025815)	(68, 0.03227163769809746)	(70, 0.03928675902780955)	(72, 0.047681336034016406)	(74, 0.05680030056883484)	(76, 0.06715315008061845)	(78, 0.07855965417947343)	(80, 0.09142186527362439)	(82, 0.10638791957288171)	(84, 0.12356526211737436)	(86, 0.1419868875459414)	(88, 0.16220388493537352)	(90, 0.18615026500799253)	(92, 0.21126121067684828)	(94, 0.23719012503829895)	(96, 0.26621761571830826)	(98, 0.2970023526997819)	(100, 0.3295166082304287)	(102, 0.3658642255153549)	(104, 0.4063536757988019)	(106, 0.44686045592743096)	(108, 0.48978648244348044)	(110, 0.5347955563504179)	(112, 0.5827576358763842)	(114, 0.6361370250062734)	(116, 0.6925456710739929)	(118, 0.7522643175714925)	(120, 0.8155875718668679)	(122, 0.8845603556916064)	(124, 0.958662773690245)	(126, 1.0335069090626772)	(128, 1.1118724689761113)	(130, 1.1954855060106835)	(132, 1.2858953083256734)	(134, 1.385067080364731)	(136, 1.48715026639438)	(138, 1.5952642385473985)
GFP_R1_MKRN250011206-1A_22MVT7LT4_L4_2 - illumina_universal_adapter	(1, 0.000637738302701099)	(2, 0.000637738302701099)	(3, 0.0006516021788467751)	(4, 0.0006793299311381272)	(5, 0.0006793299311381272)	(6, 0.0007001257453566413)	(7, 0.0007001257453566413)	(8, 0.0007486493118665075)	(9, 0.0007555812499393455)	(10, 0.0007555812499393455)	(12, 0.0007625131880121835)	(14, 0.0007625131880121835)	(16, 0.0007729110951214406)	(18, 0.0007971728783763737)	(20, 0.0008249006306677259)	(22, 0.0008318325687405639)	(24, 0.0008422304758498209)	(26, 0.000856094351995497)	(28, 0.0009115498565782014)	(30, 0.0009600734230880675)	(32, 0.0011610996272003703)	(34, 0.0013759897074583495)	(36, 0.0014765028095145008)	(38, 0.001552754128315719)	(40, 0.0017329845182095082)	(42, 0.0019721363817224204)	(44, 0.002284073595000132)	(46, 0.002689591972261157)	(48, 0.0033134663988165797)	(50, 0.004290869667086743)	(52, 0.005469299139469207)	(54, 0.006810629156563367)	(56, 0.008533215767663617)	(58, 0.011115362699795784)	(60, 0.014217404987390804)	(62, 0.017523939448134546)	(64, 0.02163111275629108)	(66, 0.026410684057512904)	(68, 0.03200129211325678)	(70, 0.038908968402839875)	(72, 0.04726888571868254)	(74, 0.056315064903736174)	(76, 0.06669910813684754)	(78, 0.07799123525750071)	(80, 0.09063509030235728)	(82, 0.10552142731377695)	(84, 0.12264331435368689)	(86, 0.140957494742125)	(88, 0.1609076125157528)	(90, 0.18465989832233234)	(92, 0.2094034512733277)	(94, 0.23501696245246423)	(96, 0.2637845054547421)	(98, 0.2942677031300473)	(100, 0.32652547695199907)	(102, 0.3623913245408631)	(104, 0.402558439703923)	(106, 0.44241708362274174)	(108, 0.4845598011365606)	(110, 0.5290212519357438)	(112, 0.5764010486635917)	(114, 0.6293159979426008)	(116, 0.6849136072557982)	(118, 0.7438281489368487)	(120, 0.806191329809136)	(122, 0.8737014747005056)	(124, 0.9462650024469741)	(126, 1.01933456167276)	(128, 1.0959879328822026)	(130, 1.1778090639249466)	(132, 1.2665967927308923)	(134, 1.3636820514100254)	(136, 1.463813896872171)	(138, 1.569876015355629)
GFP_R2_MKRN250011211-1A_22MGWFLT4_L3_1 - illumina_universal_adapter	(1, 0.0003524010925046739)	(2, 0.0003677228791353119)	(3, 0.0003677228791353119)	(4, 0.0003830446657659499)	(5, 0.0003830446657659499)	(6, 0.0003830446657659499)	(7, 0.0003830446657659499)	(8, 0.0004443318122885019)	(9, 0.0004902971721804159)	(10, 0.0004902971721804159)	(12, 0.0005056189588110539)	(14, 0.0005362625320723298)	(16, 0.0005515843187029678)	(18, 0.0005592452120182868)	(20, 0.0005822278919642438)	(22, 0.0005898887852795628)	(24, 0.0006281932518561579)	(26, 0.0007201239716399858)	(28, 0.0007507675449012618)	(30, 0.0008503591580004087)	(32, 0.0013023518636042298)	(34, 0.0017696663558386884)	(36, 0.0018769188622531545)	(38, 0.002145050128289319)	(40, 0.0027042953403076065)	(42, 0.003478045565154825)	(44, 0.004198169536794812)	(46, 0.005270694600939471)	(48, 0.006841177730579865)	(50, 0.009124123938544927)	(52, 0.012188481264672526)	(54, 0.016087875962169894)	(56, 0.020140488525973645)	(58, 0.02592446297903949)	(60, 0.03297248482913297)	(62, 0.04192040822142556)	(64, 0.051236054492853456)	(66, 0.062014931387507286)	(68, 0.07536020754279299)	(70, 0.09077392489321481)	(72, 0.10736741981419576)	(74, 0.1254854325049252)	(76, 0.14627709696270097)	(78, 0.16993393552040603)	(80, 0.19584307671281487)	(82, 0.22624916228131597)	(84, 0.25721449306183536)	(86, 0.2903785002238513)	(88, 0.32668347364514805)	(90, 0.36595321277947324)	(92, 0.40805748244046647)	(94, 0.4503532744343426)	(96, 0.49628799075299534)	(98, 0.5454479431573973)	(100, 0.5978024880742874)	(102, 0.6538342617825306)	(104, 0.7128537838837481)	(106, 0.7733901628613988)	(108, 0.8375961097370874)	(110, 0.9040083938875877)	(112, 0.9758062860387573)	(114, 1.052407558298632)	(116, 1.1324102671905083)	(118, 1.220150478330857)	(120, 1.310786507144396)	(122, 1.4077963991962803)	(124, 1.5115402164723302)	(126, 1.6181262251683635)	(128, 1.7283128537225967)	(130, 1.8476465888953206)	(132, 1.9758439776338688)	(134, 2.1126981758187275)	(136, 2.257665260024509)	(138, 2.4114576933295377)
GFP_R2_MKRN250011211-1A_22MGWFLT4_L3_2 - illumina_universal_adapter	(1, 0.0003524010925046739)	(2, 0.0003677228791353119)	(3, 0.0003677228791353119)	(4, 0.0003830446657659499)	(5, 0.0003830446657659499)	(6, 0.0003830446657659499)	(7, 0.0003830446657659499)	(8, 0.0004443318122885019)	(9, 0.0005056189588110539)	(10, 0.0005209407454416919)	(12, 0.0005362625320723298)	(14, 0.0005669061053336058)	(16, 0.0005822278919642438)	(18, 0.0005898887852795628)	(20, 0.0005975496785948818)	(22, 0.0006205323585408389)	(24, 0.0006588368251174339)	(26, 0.0007048021850093478)	(28, 0.0007584284382165809)	(30, 0.0008426982646850898)	(32, 0.0012640473970276346)	(34, 0.0017466836758927317)	(36, 0.0018769188622531545)	(38, 0.002145050128289319)	(40, 0.002612364620523778)	(42, 0.0033095059122178073)	(44, 0.004044951670488431)	(46, 0.005086833161371814)	(48, 0.006672638077642847)	(50, 0.008886636245770038)	(52, 0.011905028212005724)	(54, 0.015766118442926497)	(56, 0.01981107011341493)	(58, 0.025671653499633962)	(60, 0.032750318922988714)	(62, 0.04163695516875875)	(64, 0.050944940546871334)	(66, 0.06170083476157921)	(68, 0.07500780645028832)	(70, 0.09035257576087227)	(72, 0.10674688745565492)	(74, 0.12471934317339328)	(76, 0.14518158921861032)	(78, 0.1686392445501171)	(80, 0.19421896732996724)	(82, 0.22438756520569347)	(84, 0.25526096526642905)	(86, 0.2882257892022467)	(88, 0.3243315793973451)	(90, 0.3633638308388954)	(92, 0.4051233603006993)	(94, 0.44714336013522393)	(96, 0.49259544017501156)	(98, 0.5416098356064225)	(100, 0.5935353704976547)	(102, 0.649475213486114)	(104, 0.7082725696811873)	(106, 0.7680198766473603)	(108, 0.8318657615372287)	(110, 0.8979562881684857)	(112, 0.9691796133210064)	(114, 1.0451143878624483)	(116, 1.1243739901027388)	(118, 1.2116315649642222)	(120, 1.301639400525905)	(122, 1.3978142552064197)	(124, 1.500922218337298)	(126, 1.6070255907544662)	(128, 1.7164384690838523)	(130, 1.834638392045909)	(132, 1.9618322037601503)	(134, 2.0976138768808643)	(136, 2.2420293767679427)	(138, 2.3944122057029524)
GFP_R2_MKRN250011211-1A_22MVT7LT4_L4_1 - illumina_universal_adapter	(1, 0.0003202722313966872)	(2, 0.0003402892458589801)	(3, 0.00034696158401307777)	(4, 0.00038032327478356603)	(5, 0.000400340289245859)	(6, 0.0004270296418622496)	(7, 0.0004270296418622496)	(8, 0.00043370198001634725)	(9, 0.00045371899447864015)	(10, 0.0005104338687884702)	(12, 0.0005237785450966654)	(14, 0.0005404593904819097)	(16, 0.0005771572503294466)	(18, 0.0006171912792540327)	(20, 0.0006505529700245208)	(22, 0.0006839146607950091)	(24, 0.000723948689719595)	(26, 0.0007673188877212298)	(28, 0.0008173614238769621)	(30, 0.0008807486363408897)	(32, 0.001427880364976897)	(34, 0.0020083737843833924)	(36, 0.0022152162671604195)	(38, 0.0025555055130194)	(40, 0.0030392500291914794)	(42, 0.00363308812490617)	(44, 0.004430432534320839)	(46, 0.005494670469899415)	(48, 0.006935895511184507)	(50, 0.009074379889572803)	(52, 0.011843400223523329)	(54, 0.015346377754424594)	(56, 0.019506580593504477)	(58, 0.024917846836477672)	(60, 0.031983852941667085)	(62, 0.04013077782782032)	(64, 0.04924185557724066)	(66, 0.060317936913042755)	(68, 0.07309546447813975)	(70, 0.08771789354284476)	(72, 0.10392500291914794)	(74, 0.12185357553920834)	(76, 0.1420407346244308)	(78, 0.16397271013694975)	(80, 0.18846686350064223)	(82, 0.21686767085355885)	(84, 0.24650953310313767)	(86, 0.2780463393884802)	(88, 0.31310280405010926)	(90, 0.35158885052294453)	(92, 0.3927304875811106)	(94, 0.4355535538541093)	(96, 0.4791639560292915)	(98, 0.5253598892391866)	(100, 0.5747018298887387)	(102, 0.6269829354951708)	(104, 0.6824167208794142)	(106, 0.7395019099567965)	(108, 0.8005237785450967)	(110, 0.864364710003503)	(112, 0.9328629334934695)	(114, 1.004977564262957)	(116, 1.0806418789304242)	(118, 1.1626048808153597)	(120, 1.2489682897129226)	(122, 1.3405027606799114)	(124, 1.437048157600627)	(126, 1.5384877145573739)	(128, 1.6459590652054246)	(130, 1.760443043253432)	(132, 1.884111494770555)	(134, 2.015990258386295)	(136, 2.1537840497756426)	(138, 2.300578825334868)
GFP_R2_MKRN250011211-1A_22MVT7LT4_L4_2 - illumina_universal_adapter	(1, 0.00033361690770488246)	(2, 0.0003536339221671754)	(3, 0.00036030626032127307)	(4, 0.00039366795109176133)	(5, 0.0004136849655540543)	(6, 0.0004403743181704449)	(7, 0.0004403743181704449)	(8, 0.00044704665632454255)	(9, 0.00046706367078683546)	(10, 0.0005371232214048608)	(12, 0.0005571402358671537)	(14, 0.0006005104338687884)	(16, 0.0006338721246392767)	(18, 0.0006705699844868138)	(20, 0.0007005955061802531)	(22, 0.0007306210278736926)	(24, 0.0007639827186441809)	(26, 0.0008040167475687667)	(28, 0.0008507231146474503)	(30, 0.0009041018198802315)	(32, 0.001431216534053946)	(34, 0.001981684431767002)	(36, 0.00215850139285059)	(38, 0.002462092778862033)	(40, 0.0028891224207242823)	(42, 0.0034162371348979963)	(44, 0.0041868921916962745)	(46, 0.005217768436504362)	(48, 0.006695691337636991)	(50, 0.008890890590335118)	(52, 0.011706617291364326)	(54, 0.015179569300572153)	(56, 0.01939315084488482)	(58, 0.024744366044471132)	(60, 0.03171028707734908)	(62, 0.03983052261088592)	(64, 0.04887154080968824)	(66, 0.05986088174948707)	(68, 0.07237485195749721)	(70, 0.08679043853942517)	(72, 0.10265725866986938)	(74, 0.12032894627099701)	(76, 0.14028257352082601)	(78, 0.16170411516455652)	(80, 0.18577791122454085)	(82, 0.2136716208777461)	(84, 0.24298987472685116)	(86, 0.27411633221571674)	(88, 0.30882583529333263)	(90, 0.34690486913876795)	(92, 0.38758611486430133)	(94, 0.42994878980466733)	(96, 0.47290863900982505)	(98, 0.518410649051694)	(100, 0.566861832557674)	(102, 0.6184223256434636)	(104, 0.6729720262222889)	(106, 0.7293799729770305)	(108, 0.7895811439723766)	(110, 0.8523378204807419)	(112, 0.9198051677259003)	(114, 0.9906887521059566)	(116, 1.0651086757076849)	(118, 1.1456271163822582)	(120, 1.230199002485446)	(122, 1.3200186825468314)	(124, 1.414208744099151)	(126, 1.5134564379722764)	(128, 1.618315568232998)	(130, 1.7300371982852092)	(132, 1.851043386878847)	(134, 1.9792890623696808)	(136, 2.1142137483527668)	(138, 2.2576156399606333)
GFP_R3_MKRN250011216-1A_22MVT7LT4_L4_1 - illumina_universal_adapter	(1, 1.4233047652345205e-05)	(2, 1.6266340174108805e-05)	(3, 3.253268034821761e-05)	(4, 4.066585043527201e-05)	(5, 4.269914295703561e-05)	(6, 4.269914295703561e-05)	(7, 4.473243547879921e-05)	(8, 4.473243547879921e-05)	(9, 4.676572800056282e-05)	(10, 5.388225182673542e-05)	(12, 6.303206817467163e-05)	(14, 8.336499339230762e-05)	(16, 9.658139478377104e-05)	(18, 0.00011183108869699804)	(20, 0.00012403084382757963)	(22, 0.00013928053774080664)	(24, 0.00015249693913227006)	(26, 0.00017689644939343325)	(28, 0.00019824602087195107)	(30, 0.00022061223861135067)	(32, 0.0002460283951333957)	(34, 0.00029686070817748565)	(36, 0.0003690425927000935)	(38, 0.00047680709635356433)	(40, 0.0005977880013984986)	(42, 0.000763501341922232)	(44, 0.0010308793085341455)	(46, 0.0014741370782786105)	(48, 0.002035325814285364)	(50, 0.002911674891165476)	(52, 0.0041164007103104095)	(54, 0.005497006332587894)	(56, 0.007254787717652527)	(58, 0.009461926750026916)	(60, 0.01216417251145074)	(62, 0.015255793790792296)	(64, 0.018705274553964243)	(66, 0.022801342339057017)	(68, 0.027699544023985532)	(70, 0.03339174643866273)	(72, 0.03950687369786676)	(74, 0.046596964721256434)	(76, 0.05457662122291769)	(78, 0.06331672912771852)	(80, 0.07314769847044553)	(82, 0.08407766242118578)	(84, 0.09599987312254665)	(86, 0.10959853350810161)	(88, 0.12419045729053807)	(90, 0.14059201141734418)	(92, 0.15877574643947606)	(94, 0.17844480164875626)	(96, 0.20041249405389017)	(98, 0.22463917445070347)	(100, 0.2510506276621518)	(102, 0.2805486189216372)	(104, 0.3132480292566394)	(106, 0.3481433955151464)	(108, 0.3862259478015177)	(110, 0.4283191695870678)	(112, 0.4746497729879732)	(114, 0.5239865993823061)	(116, 0.5777885361544318)	(118, 0.6366798041085319)	(120, 0.699415011575026)	(122, 0.7655702170631264)	(124, 0.8378883321846925)	(126, 0.9141723843699583)	(128, 0.9934860424126519)	(130, 1.0797474610022118)	(132, 1.171408287883315)	(134, 1.2698196459366733)	(136, 1.3747863390801975)	(138, 1.4868573562947636)
GFP_R3_MKRN250011216-1A_22MVT7LT4_L4_2 - illumina_universal_adapter	(1, 1.8299632695872407e-05)	(2, 2.0332925217636007e-05)	(3, 2.846609530469041e-05)	(4, 3.6599265391744815e-05)	(5, 3.6599265391744815e-05)	(6, 4.269914295703561e-05)	(7, 4.473243547879921e-05)	(8, 4.473243547879921e-05)	(9, 4.676572800056282e-05)	(10, 6.303206817467163e-05)	(12, 7.319853078348963e-05)	(14, 8.438163965318943e-05)	(16, 9.963133356641643e-05)	(18, 0.00011894761252317064)	(20, 0.00013318066017551584)	(22, 0.00015249693913227006)	(24, 0.00017791309565431506)	(26, 0.00021044577600253265)	(28, 0.00022874540869840507)	(30, 0.0002592447965248591)	(32, 0.0002988940006992493)	(34, 0.00035277625252598467)	(36, 0.0004330913071356469)	(38, 0.0005530555659196993)	(40, 0.0006923361036605061)	(42, 0.0008783823694018754)	(44, 0.001145760336013789)	(46, 0.0016103676772367716)	(48, 0.002183756168374107)	(50, 0.0030987378031677275)	(52, 0.004333963010139115)	(54, 0.005736934850155999)	(56, 0.0075353820856559044)	(58, 0.009751670934378228)	(60, 0.012503732362585262)	(62, 0.015638052784883852)	(64, 0.019111933058316963)	(66, 0.0232435834625406)	(68, 0.02823633324973112)	(70, 0.034012917304061516)	(72, 0.040177860230048754)	(74, 0.04729540070248223)	(76, 0.055342155857361686)	(78, 0.06407006400703194)	(80, 0.07393051609132452)	(82, 0.08484523034815153)	(84, 0.09687520555316587)	(86, 0.11061619641524428)	(88, 0.125283352020986)	(90, 0.14174285498466238)	(92, 0.16004960420436093)	(94, 0.1798386236724252)	(96, 0.201919163812517)	(98, 0.22622615926393996)	(100, 0.2525857635160833)	(102, 0.2822464181773098)	(104, 0.3149844610702256)	(106, 0.34990321019273274)	(108, 0.3880203284519741)	(110, 0.4301105002987415)	(112, 0.4765651345434745)	(114, 0.526034124951722)	(116, 0.5798970604995006)	(118, 0.638759862358296)	(120, 0.7012866573413095)	(122, 0.7671256858422757)	(124, 0.8391266073304465)	(126, 0.9150212839977947)	(128, 0.9938449185427434)	(130, 1.0795624313827314)	(132, 1.170600054105914)	(134, 1.268361775198569)	(136, 1.3727367802182597)	(138, 1.4844123220373429)
HNF4_FOXF_R1_MKRN250011210-1A_22MGWFLT4_L3_1 - illumina_universal_adapter	(1, 0.0003948290441738168)	(2, 0.0003948290441738168)	(3, 0.0003948290441738168)	(4, 0.0003948290441738168)	(5, 0.00041199552435528707)	(6, 0.00041199552435528707)	(7, 0.00041199552435528707)	(8, 0.00041199552435528707)	(9, 0.0004463284847182277)	(10, 0.00045491172480896286)	(12, 0.0004720782049904331)	(14, 0.0004978279252626386)	(16, 0.0004978279252626386)	(18, 0.0005064111653533738)	(20, 0.0005407441257163142)	(22, 0.0005493273658070494)	(24, 0.0005750770860792548)	(26, 0.0006008268063514604)	(28, 0.0006179932865329307)	(30, 0.0007038256874402822)	(32, 0.002308891584407755)	(34, 0.003913957481375227)	(36, 0.0040427060827362546)	(38, 0.004283036805276839)	(40, 0.004600616688634039)	(42, 0.004909613331900505)	(44, 0.005416024497253878)	(46, 0.006034017783786809)	(48, 0.006900925032951059)	(50, 0.008179827806470596)	(52, 0.009596062421441894)	(54, 0.011072379717048341)	(56, 0.01307227465818963)	(58, 0.0162394902516709)	(60, 0.01999036617132216)	(62, 0.024350652137415614)	(64, 0.029552095632401115)	(66, 0.034925203929201315)	(68, 0.041989210523876344)	(70, 0.0498171254866268)	(72, 0.058803777861626494)	(74, 0.06864017100560897)	(76, 0.07921472279739468)	(78, 0.09242432929703606)	(80, 0.10814024190317212)	(82, 0.12555563604727374)	(84, 0.14490225921179078)	(86, 0.1667466052427117)	(88, 0.18958660712415795)	(90, 0.2161517352049832)	(92, 0.24516308671166803)	(94, 0.2767236605253012)	(96, 0.30984638403544806)	(98, 0.3458187432557191)	(100, 0.3853617303537359)	(102, 0.4268788626726218)	(104, 0.4752797535442773)	(106, 0.5274486868157655)	(108, 0.5839779060533472)	(110, 0.642773100674883)	(112, 0.7075593968797519)	(114, 0.7812636795388946)	(116, 0.8647271061812032)	(118, 0.954078635525756)	(120, 1.0527429803687567)	(122, 1.1627114524112554)	(124, 1.279683848367794)	(126, 1.407986121244103)	(128, 1.5465024498283868)	(130, 1.69750739274469)	(132, 1.8608636181515614)	(134, 2.041875568425075)	(136, 2.239942416758879)	(138, 2.4563173162062215)
HNF4_FOXF_R1_MKRN250011210-1A_22MGWFLT4_L3_2 - illumina_universal_adapter	(1, 0.0004291620045367574)	(2, 0.0004291620045367574)	(3, 0.0004291620045367574)	(4, 0.0004291620045367574)	(5, 0.0004463284847182277)	(6, 0.00046349496489969796)	(7, 0.00046349496489969796)	(8, 0.00046349496489969796)	(9, 0.0004978279252626386)	(10, 0.0005064111653533738)	(12, 0.000523577645534844)	(14, 0.0005493273658070494)	(16, 0.0005664938459885197)	(18, 0.0005922435662607253)	(20, 0.0006265765266236657)	(22, 0.0006351597667144009)	(24, 0.0006523262468958712)	(26, 0.0006694927270773415)	(28, 0.0006694927270773415)	(30, 0.0007209921676217524)	(32, 0.0023432245447706952)	(34, 0.003922540721465962)	(36, 0.0040427060827362546)	(38, 0.004257287085004634)	(40, 0.004583450208452569)	(42, 0.004883863611628299)	(44, 0.005338775336437262)	(46, 0.005999684823423868)	(48, 0.006892341792860324)	(50, 0.00818841104656133)	(52, 0.009664728342167776)	(54, 0.011098129437320546)	(56, 0.01310660761855257)	(58, 0.016248073491761633)	(60, 0.020050448851957305)	(62, 0.024496567218958112)	(64, 0.029672260993671404)	(66, 0.03495095364947352)	(68, 0.04204929320451149)	(70, 0.04970554336544724)	(72, 0.058666446020174734)	(74, 0.06849425592406648)	(76, 0.0790945574361244)	(78, 0.09226124773531211)	(80, 0.10778832905945199)	(82, 0.12518655672337214)	(84, 0.14436151508607445)	(86, 0.16603419631518068)	(88, 0.18865961719435853)	(90, 0.2151389128742765)	(92, 0.2441330979007798)	(94, 0.27530742591032986)	(96, 0.308164068977664)	(98, 0.3440334293168462)	(100, 0.3832330868112336)	(102, 0.42445838896703453)	(104, 0.4727562809576012)	(106, 0.5247277997070026)	(108, 0.580810690459866)	(110, 0.6393741375989519)	(112, 0.7035252740371063)	(114, 0.7768776438525289)	(116, 0.8597574101686676)	(118, 0.9490316903524038)	(120, 1.0464943815827015)	(122, 1.1558534435787577)	(124, 1.271710018323501)	(126, 1.3993084655123695)	(128, 1.5372411337704834)	(130, 1.6872246711159895)	(132, 1.849602407152517)	(134, 2.0297731998971384)	(136, 2.226998890702051)	(138, 2.4408331510825354)
HNF4_FOXF_R1_MKRN250011210-1A_22MVT7LT4_L4_1 - illumina_universal_adapter	(1, 0.0003510951950900198)	(2, 0.00035771963273322773)	(3, 0.00036434407037643564)	(4, 0.00037096850801964355)	(5, 0.00037096850801964355)	(6, 0.0003775929456628515)	(7, 0.00038421738330605943)	(8, 0.00039084182094926734)	(9, 0.00039746625859247525)	(10, 0.00042396400916530695)	(12, 0.00044714954091653464)	(14, 0.0004603984162029505)	(16, 0.0004670228538461584)	(18, 0.00047695951031097035)	(20, 0.0005100816985270099)	(22, 0.0005233305738134258)	(24, 0.0005531405432078614)	(26, 0.0005697016373158812)	(28, 0.0006260093572831484)	(30, 0.000672380420785604)	(32, 0.002242372142225881)	(34, 0.003772617237806911)	(36, 0.0038388616142389902)	(38, 0.004024345868248812)	(40, 0.004266137842225902)	(42, 0.004567549754991861)	(44, 0.005041197046481228)	(46, 0.005690391935515604)	(48, 0.00658137879852707)	(50, 0.00782014863780695)	(52, 0.009128475072340516)	(54, 0.01057922691620305)	(56, 0.012516874926841368)	(58, 0.015302450955810298)	(60, 0.018932642784288238)	(62, 0.02300667193486111)	(64, 0.027325805278232675)	(66, 0.03200597047315907)	(68, 0.03851116823878925)	(70, 0.04643068344124432)	(72, 0.055277619913748494)	(74, 0.06512815868919868)	(76, 0.07544240809967341)	(78, 0.08747569907856059)	(80, 0.10239393265106483)	(82, 0.11948498177054127)	(84, 0.1375663843176773)	(86, 0.15786697347528797)	(88, 0.18055567240327508)	(90, 0.2067155766563032)	(92, 0.23505823311276827)	(94, 0.26614671897234304)	(96, 0.298881377586255)	(98, 0.3340968880975483)	(100, 0.37239938655057647)	(102, 0.4147196064342103)	(104, 0.4606004615510684)	(106, 0.5103301149386302)	(108, 0.5650711554032789)	(110, 0.6238762883620357)	(112, 0.6894515965921508)	(114, 0.7623005373545083)	(116, 0.8435128306414158)	(118, 0.931041525221122)	(120, 1.0270991832664587)	(122, 1.1328185836144138)	(124, 1.2461030917509124)	(126, 1.369867460238966)	(128, 1.5054696987954321)	(130, 1.6548375187744844)	(132, 1.8138637688373338)	(134, 1.9897955837656496)	(136, 2.1833517150437203)	(138, 2.390020920636521)
HNF4_FOXF_R1_MKRN250011210-1A_22MVT7LT4_L4_2 - illumina_universal_adapter	(1, 0.0003444707574468119)	(2, 0.0003510951950900198)	(3, 0.00035771963273322773)	(4, 0.00036434407037643564)	(5, 0.00036434407037643564)	(6, 0.00037096850801964355)	(7, 0.0003775929456628515)	(8, 0.00038421738330605943)	(9, 0.00039084182094926734)	(10, 0.00041733957152209904)	(12, 0.0004405251032733267)	(14, 0.0004537739785597426)	(16, 0.00045708619738134656)	(18, 0.00046371063502455447)	(20, 0.0004968328232405941)	(22, 0.0005133939173486139)	(24, 0.0005432038867430496)	(26, 0.0005663894184942773)	(28, 0.0006160727008183366)	(30, 0.0006458826702127723)	(32, 0.0022390599234042774)	(34, 0.003785866113093327)	(36, 0.0038719838024550302)	(38, 0.00403097030589202)	(40, 0.004256201185761089)	(42, 0.004484744284451763)	(44, 0.004925269387725089)	(46, 0.005571152057937862)	(48, 0.006455514483306119)	(50, 0.007671098790834772)	(52, 0.008952927474795504)	(54, 0.010393742662193228)	(56, 0.012318141797545128)	(58, 0.015116966701800476)	(60, 0.01879021737495927)	(62, 0.022834436556137705)	(64, 0.027140321024222855)	(66, 0.03183042287561406)	(68, 0.03826606404599056)	(70, 0.046086212683797506)	(72, 0.05489671474926404)	(74, 0.06463132586595809)	(76, 0.07496544858936244)	(78, 0.08684968972127745)	(80, 0.10171824001145763)	(82, 0.11869004925335633)	(84, 0.13668533411113065)	(86, 0.15675738017005064)	(88, 0.1794560157545026)	(90, 0.20538737690883999)	(92, 0.23354786133011685)	(94, 0.264265378681672)	(96, 0.2965495755358458)	(98, 0.33145042525908675)	(100, 0.3693024619523768)	(102, 0.4110132335728355)	(104, 0.4563012015206264)	(106, 0.5056135153366662)	(108, 0.5593410168419041)	(110, 0.6173777150340486)	(112, 0.6821680274034436)	(114, 0.7540928591145737)	(116, 0.8342684279103192)	(118, 0.9205351671189943)	(120, 1.0148870324712047)	(122, 1.1187184680908457)	(124, 1.230081889310814)	(126, 1.3516038856566417)	(128, 1.4847186478780832)	(130, 1.630896801131931)	(132, 1.7866340179049276)	(134, 1.9590648175388083)	(136, 2.148470738633409)	(138, 2.35107253951328)
HNF4_FOXF_R2_MKRN250011215-1A_22MVT7LT4_L4_1 - illumina_universal_adapter	(1, 0.0)	(2, 0.0)	(3, 2.6750160694902834e-06)	(4, 2.6750160694902834e-06)	(5, 2.6750160694902834e-06)	(6, 2.6750160694902834e-06)	(7, 2.6750160694902834e-06)	(8, 5.350032138980567e-06)	(9, 5.350032138980567e-06)	(10, 1.6050096416941702e-05)	(12, 2.1400128555922267e-05)	(14, 2.8087668729647975e-05)	(16, 3.076268479913826e-05)	(18, 3.745022497286397e-05)	(20, 4.948779728557024e-05)	(22, 7.757546601521822e-05)	(24, 8.560051422368907e-05)	(26, 9.630057850165021e-05)	(28, 0.00011502569098808219)	(30, 0.00014311335971773015)	(32, 0.00017253853648212329)	(34, 0.00022603885787192895)	(36, 0.00031565189619985344)	(38, 0.00042265253897946477)	(40, 0.0005885035352878624)	(42, 0.0008198924252987719)	(44, 0.0011422318616723512)	(46, 0.0016437973747017792)	(48, 0.0024315896071666677)	(50, 0.0035417212760051353)	(52, 0.004782928732248627)	(54, 0.006450801251575818)	(56, 0.008374137805539333)	(58, 0.010919415595659336)	(60, 0.014235098013792543)	(62, 0.01823023451357628)	(64, 0.022531660353316656)	(66, 0.027523240338985525)	(68, 0.0337653903371411)	(70, 0.04075520732671921)	(72, 0.04864917974778504)	(74, 0.05699255486852523)	(76, 0.06615047238242522)	(78, 0.07615235746624939)	(80, 0.08759072617938984)	(82, 0.10090829368134721)	(84, 0.11538949317353286)	(86, 0.13159072799840077)	(88, 0.14884458164661307)	(90, 0.16792814628635677)	(92, 0.188793271628381)	(94, 0.2118037598581364)	(96, 0.235941767361182)	(98, 0.2623374884268773)	(100, 0.29091736011331154)	(102, 0.32207327227466487)	(104, 0.35597107590724575)	(106, 0.39155280215557076)	(108, 0.42967713117794626)	(110, 0.46912158063061526)	(112, 0.5112370336286702)	(114, 0.5553119358976268)	(116, 0.6029499595711446)	(118, 0.653660239200472)	(120, 0.7079483528227425)	(122, 0.765889200887902)	(124, 0.8268568296356898)	(126, 0.889512393523326)	(128, 0.9537649420044478)	(130, 1.0224219044439855)	(132, 1.0943477365204402)	(134, 1.1691946861447784)	(136, 1.2481103352108112)	(138, 1.3308592823044236)
HNF4_FOXF_R2_MKRN250011215-1A_22MVT7LT4_L4_2 - illumina_universal_adapter	(1, 2.6750160694902834e-06)	(2, 2.6750160694902834e-06)	(3, 8.025048208470851e-06)	(4, 8.025048208470851e-06)	(5, 8.025048208470851e-06)	(6, 1.0700064277961134e-05)	(7, 1.0700064277961134e-05)	(8, 1.3375080347451418e-05)	(9, 1.3375080347451418e-05)	(10, 2.0062620521177124e-05)	(12, 2.407514462541255e-05)	(14, 3.076268479913826e-05)	(16, 3.878773300760911e-05)	(18, 4.413776514658968e-05)	(20, 6.152536959827652e-05)	(22, 7.35629419109828e-05)	(24, 8.02504820847085e-05)	(26, 9.228805439741478e-05)	(28, 0.00011770070705757247)	(30, 0.000141775851682985)	(32, 0.00016852601237788786)	(34, 0.00021400128555922266)	(36, 0.00030093930781765685)	(38, 0.0004146274907709939)	(40, 0.0005804784870793915)	(42, 0.0008279174735072427)	(44, 0.001160956974158783)	(46, 0.0016585099630839757)	(48, 0.0024596772758963157)	(50, 0.003596559105429686)	(52, 0.004831079021499452)	(54, 0.006482901444409702)	(56, 0.008391525409991019)	(58, 0.010962215852771181)	(60, 0.01430732344766878)	(62, 0.018306472471556756)	(64, 0.022563760546150544)	(66, 0.027578078168410076)	(68, 0.03382424069066989)	(70, 0.040830107776664945)	(72, 0.04866121732009775)	(74, 0.056973829756038805)	(76, 0.06611837218959134)	(78, 0.07615636999035363)	(80, 0.0875746760829729)	(82, 0.1009136437134862)	(84, 0.11536809304497694)	(86, 0.13145162716278727)	(88, 0.14855300489503864)	(90, 0.16756835662501035)	(92, 0.18831578125997697)	(94, 0.21122996891123075)	(96, 0.23521148797421113)	(98, 0.2613397074329575)	(100, 0.2896774901651028)	(102, 0.32048832525349186)	(104, 0.3540798395461161)	(106, 0.38932585127772007)	(108, 0.42692721465851025)	(110, 0.4658781236463583)	(112, 0.5076137243625457)	(114, 0.5514278125647271)	(116, 0.5986017209501882)	(118, 0.6484947831702862)	(120, 0.7020231922288216)	(122, 0.7589595717598875)	(124, 0.8188545190638097)	(126, 0.8803397634210438)	(128, 0.9433858796548256)	(130, 1.0106866089471316)	(132, 1.0810957069121854)	(134, 1.1545877608973267)	(136, 1.2320294761090704)	(138, 1.3131801011011623)
HNF4_FOXF_R3_MKRN250011220-1A_22MVT7LT4_L3_1 - illumina_universal_adapter	(1, 9.522304092876745e-06)	(2, 1.2696405457168994e-05)	(3, 1.2696405457168994e-05)	(4, 2.221870955004574e-05)	(5, 2.5392810914337988e-05)	(6, 2.5392810914337988e-05)	(7, 2.8566912278630236e-05)	(8, 3.1741013642922485e-05)	(9, 3.491511500721473e-05)	(10, 3.967626705365311e-05)	(12, 4.7611520464383724e-05)	(14, 5.554677387511435e-05)	(16, 6.030792592155272e-05)	(18, 6.983023001442946e-05)	(20, 9.522304092876745e-05)	(22, 0.00010950649706808257)	(24, 0.00012855110525383605)	(26, 0.0001507698148038818)	(28, 0.0001967942845861194)	(30, 0.0002539281091433799)	(32, 0.00035867345416502406)	(34, 0.0004888116101010062)	(36, 0.000587208752394066)	(38, 0.0007221080603764865)	(40, 0.0008728778751803683)	(42, 0.0010506275515807342)	(44, 0.0013886693468778588)	(46, 0.0018870032610717416)	(48, 0.002567848003712429)	(50, 0.003621649656657455)	(52, 0.004942075824203031)	(54, 0.006498972543388378)	(56, 0.008673231977928568)	(58, 0.011361695833484103)	(60, 0.01456912526210142)	(62, 0.01825584399672687)	(64, 0.022507552774196332)	(66, 0.027248073161766806)	(68, 0.033166185155489705)	(70, 0.04050312045905124)	(72, 0.04807335221288825)	(74, 0.056432348155751884)	(76, 0.06524206649234501)	(78, 0.07520874477622268)	(80, 0.08723382779484387)	(82, 0.10075549960672885)	(84, 0.1152706651456373)	(86, 0.13122528565325228)	(88, 0.1490605612192104)	(90, 0.16908120557448378)	(92, 0.19058891641892806)	(94, 0.21446450688113433)	(96, 0.24079367769793855)	(98, 0.26904635394150384)	(100, 0.29981767961763506)	(102, 0.3332695338959111)	(104, 0.3696606060375217)	(106, 0.4088052111126559)	(108, 0.45102869451115346)	(110, 0.4965913325448865)	(112, 0.5451233424049151)	(114, 0.5982165359254314)	(116, 0.6563628988179011)	(118, 0.719092664080409)	(120, 0.7855345408884564)	(122, 0.8556885292420436)	(124, 0.932176436868076)	(126, 1.0131239569109391)	(128, 1.0981914605246534)	(130, 1.1884279882101179)	(132, 1.2843445702869833)	(134, 1.388010720844768)	(136, 1.499129661405911)	(138, 1.6173474796682936)
HNF4_FOXF_R3_MKRN250011220-1A_22MVT7LT4_L3_2 - illumina_universal_adapter	(1, 9.522304092876745e-06)	(2, 9.522304092876745e-06)	(3, 1.5870506821461242e-05)	(4, 2.5392810914337988e-05)	(5, 2.8566912278630236e-05)	(6, 2.8566912278630236e-05)	(7, 2.8566912278630236e-05)	(8, 3.1741013642922485e-05)	(9, 3.491511500721473e-05)	(10, 4.285036841794535e-05)	(12, 5.395972319296822e-05)	(14, 6.189497660369884e-05)	(16, 6.348202728584497e-05)	(18, 7.14172806965756e-05)	(20, 9.046188888232908e-05)	(22, 0.0001110935477502287)	(24, 0.0001364863586645667)	(26, 0.00016029211889675854)	(28, 0.00020631658867899613)	(30, 0.00027138566664698725)	(32, 0.00037930511303292365)	(34, 0.0005015080155581753)	(36, 0.0005951440058047966)	(38, 0.0007236951110586327)	(40, 0.0008760519765446605)	(42, 0.0010680851090843417)	(44, 0.0014108880564279043)	(46, 0.0019235054267611024)	(48, 0.0026170465748589587)	(50, 0.003699415140082616)	(52, 0.0050388859158139445)	(54, 0.006619588395231484)	(56, 0.008822414742050304)	(58, 0.011475963482598623)	(60, 0.014672283556440919)	(62, 0.01833202242946988)	(64, 0.022540880838521404)	(66, 0.027260769567223973)	(68, 0.03315824990207897)	(70, 0.04039678806334744)	(72, 0.047979716222641626)	(74, 0.05628316539163015)	(76, 0.06507066501867324)	(78, 0.07506432316414738)	(80, 0.08708940618276856)	(82, 0.10051585495372478)	(84, 0.1150024535803546)	(86, 0.13094437768251244)	(88, 0.1487320417280062)	(90, 0.16863365728211857)	(92, 0.19000329471721614)	(94, 0.21350592826911807)	(96, 0.23953514650699667)	(98, 0.26734662266092535)	(100, 0.29769261875424136)	(102, 0.3306032887499056)	(104, 0.36653570324437595)	(106, 0.4052533916860128)	(108, 0.4469928246264559)	(110, 0.49200793017484856)	(112, 0.5398463988867792)	(114, 0.5922777922728406)	(116, 0.6496084111146873)	(118, 0.7111986739874141)	(120, 0.7764312181756663)	(122, 0.8451743184728255)	(124, 0.9200069322373796)	(126, 0.9991325180971389)	(128, 1.0825193350384605)	(130, 1.1712148365115609)	(132, 1.2655284973994587)	(134, 1.367275903682529)	(136, 1.4761618639338923)	(138, 1.5924641120229246)
HNF4_GFP_R1_MKRN250011208-1A_22MGWFLT4_L3_1 - illumina_universal_adapter	(1, 0.00021706695104504558)	(2, 0.00021706695104504558)	(3, 0.00021706695104504558)	(4, 0.00021706695104504558)	(5, 0.00021706695104504558)	(6, 0.00023257173326254884)	(7, 0.00026358129769755534)	(8, 0.00026358129769755534)	(9, 0.00026358129769755534)	(10, 0.00033335281767631997)	(12, 0.00037211477322007813)	(14, 0.00040312433765508465)	(16, 0.0004263815109813395)	(18, 0.00044188629319884276)	(20, 0.00047289585763384933)	(22, 0.0004961530309601041)	(24, 0.000519410204286359)	(26, 0.000542667377612614)	(28, 0.0005581721598301172)	(30, 0.0006279436798088819)	(32, 0.0007597343286576595)	(34, 0.0009302869330501953)	(36, 0.0010078108441377116)	(38, 0.0011861158396389991)	(40, 0.0013799256173577896)	(42, 0.0016435069150553452)	(44, 0.002038878861601678)	(46, 0.0025117747192355275)	(48, 0.0035893570833520037)	(50, 0.004736710967447245)	(52, 0.006155398540348793)	(54, 0.00776789589096913)	(56, 0.009946317792528338)	(58, 0.012923235978288962)	(60, 0.016760669577121017)	(62, 0.021288065984631968)	(64, 0.026466663245278056)	(66, 0.03184682267475168)	(68, 0.03947517552576329)	(70, 0.04798730096317258)	(72, 0.05752274202693708)	(74, 0.06880247109017071)	(76, 0.08102023947756326)	(78, 0.09419930436244103)	(80, 0.10967307701550928)	(82, 0.12771289112557432)	(84, 0.14714813563521464)	(86, 0.16922694551293926)	(88, 0.19419739727422827)	(90, 0.2226564250344555)	(92, 0.25298377905189184)	(94, 0.28540427866869117)	(96, 0.32050710560911855)	(98, 0.35951713766835675)	(100, 0.4006823344558279)	(102, 0.4449484876867997)	(104, 0.4924551404012296)	(106, 0.5430705019502691)	(108, 0.5972984777559867)	(110, 0.653441294165566)	(112, 0.7136541159072398)	(114, 0.7801773840114377)	(116, 0.8499954183368548)	(118, 0.9230617045368388)	(120, 0.9985234795894271)	(122, 1.080241434266778)	(124, 1.1687737407287218)	(126, 1.2620660153314387)	(128, 1.3573739116224313)	(130, 1.4611164094397455)	(132, 1.5687506075936533)	(134, 1.6831681479677183)	(136, 1.8039271442687426)	(138, 1.929546889794954)
HNF4_GFP_R1_MKRN250011208-1A_22MGWFLT4_L3_2 - illumina_universal_adapter	(1, 0.00021706695104504558)	(2, 0.00021706695104504558)	(3, 0.00021706695104504558)	(4, 0.00023257173326254884)	(5, 0.00023257173326254884)	(6, 0.0002480765154800521)	(7, 0.0002790860799150586)	(8, 0.0002790860799150586)	(9, 0.0002790860799150586)	(10, 0.00034885759989382325)	(12, 0.0003876195554375814)	(14, 0.0004186291198725879)	(16, 0.00044188629319884276)	(18, 0.00045739107541634605)	(20, 0.0004884006398513526)	(22, 0.0005039054220688558)	(24, 0.000519410204286359)	(26, 0.0005581721598301172)	(28, 0.0006356960709176335)	(30, 0.0007209723731139014)	(32, 0.0008605154130714306)	(34, 0.0010543251907902213)	(36, 0.0011706110574214957)	(38, 0.0013799256173577896)	(40, 0.0016124973506203386)	(42, 0.0018450690838828874)	(44, 0.002271450594864227)	(46, 0.002783108408041834)	(48, 0.003837433598832056)	(50, 0.005054559002906061)	(52, 0.006527513313568871)	(54, 0.008178772619732967)	(56, 0.01038045169461843)	(58, 0.013357369880379055)	(60, 0.017202555870319863)	(62, 0.021660180757852046)	(64, 0.0269085495384769)	(66, 0.03230421375016803)	(68, 0.03987829986341837)	(70, 0.04837492051861016)	(72, 0.057910361582374656)	(74, 0.06917458586339077)	(76, 0.08137684946856583)	(78, 0.09456366674455235)	(80, 0.11000642983318559)	(82, 0.1278601865566406)	(84, 0.14722565954630218)	(86, 0.16932772659735307)	(88, 0.19422840683866327)	(90, 0.22256339634115047)	(92, 0.25287524557636937)	(94, 0.2851949641087549)	(96, 0.32032880061361724)	(98, 0.3593465850639642)	(100, 0.4005970581536316)	(102, 0.44493298290458216)	(104, 0.49235435931681587)	(106, 0.5429077017369852)	(108, 0.5971744394982467)	(110, 0.6531777128678684)	(112, 0.7130571817918661)	(114, 0.7795571927227374)	(116, 0.8494217413948071)	(118, 0.9222244462970937)	(120, 0.9976242022208119)	(122, 1.0794351855914681)	(124, 1.1675876248890829)	(126, 1.2605853086296672)	(128, 1.3556683855785059)	(130, 1.459046521013709)	(132, 1.5665179189543328)	(134, 1.6807261447684616)	(136, 1.8012448169451145)	(138, 1.926740524213586)
HNF4_GFP_R1_MKRN250011208-1A_22MVT7LT4_L4_1 - illumina_universal_adapter	(1, 0.0002814664653034725)	(2, 0.0002814664653034725)	(3, 0.0002814664653034725)	(4, 0.00030023089632370397)	(5, 0.0003064857066637811)	(6, 0.0003064857066637811)	(7, 0.0003064857066637811)	(8, 0.0003064857066637811)	(9, 0.0003315049480240898)	(10, 0.00035026937904432127)	(12, 0.00035652418938439845)	(14, 0.00037528862040462995)	(16, 0.00038779824108478426)	(18, 0.00041594488761513153)	(20, 0.00043158191346532443)	(22, 0.00045972855999567165)	(24, 0.0004847478013559803)	(26, 0.0005035122323762118)	(28, 0.0005222766633964434)	(30, 0.0005379136892466362)	(32, 0.0006661373012182181)	(34, 0.0007912335080197614)	(36, 0.0008881830682909575)	(38, 0.001078954783663311)	(40, 0.0012916183352259347)	(42, 0.001604358852229793)	(44, 0.00196401044678423)	(46, 0.00242686641194994)	(48, 0.0032337369458198947)	(50, 0.0044753167983252115)	(52, 0.00587013950416242)	(54, 0.007440096899521789)	(56, 0.009626153113378758)	(58, 0.012215644594170705)	(60, 0.01597791301372712)	(62, 0.019980991631376503)	(64, 0.02449383729174218)	(66, 0.02990112083073889)	(68, 0.03659376789462146)	(70, 0.04475004057808209)	(72, 0.05395086658833559)	(74, 0.06424628440810261)	(76, 0.07587710423547608)	(78, 0.0888057972084156)	(80, 0.10333572162841485)	(82, 0.12115880369246473)	(84, 0.14057373498806425)	(86, 0.1630128670830911)	(88, 0.1862619971171579)	(90, 0.21341412880343288)	(92, 0.2430963312722691)	(94, 0.2746737412741487)	(96, 0.30814010399873154)	(98, 0.344089626428325)	(100, 0.38307898668319607)	(102, 0.4266781421587039)	(104, 0.4724664812532388)	(106, 0.521031956138768)	(108, 0.5721963047205991)	(110, 0.6260721135848539)	(112, 0.6840917342994097)	(114, 0.7467524242863026)	(116, 0.8134287025115252)	(118, 0.8838484847252841)	(120, 0.9576552467381946)	(122, 1.0367285590574502)	(124, 1.1217220493635887)	(126, 1.2106091591064252)	(128, 1.301200704666933)	(130, 1.3971964063612672)	(132, 1.5009887291445076)	(134, 1.611476826396801)	(136, 1.7279476497393778)	(138, 1.849306607362725)
HNF4_GFP_R1_MKRN250011208-1A_22MVT7LT4_L4_2 - illumina_universal_adapter	(1, 0.0002752116549633953)	(2, 0.0002752116549633953)	(3, 0.0002752116549633953)	(4, 0.0002939760859836268)	(5, 0.00030023089632370397)	(6, 0.00030023089632370397)	(7, 0.00030023089632370397)	(8, 0.00030023089632370397)	(9, 0.0003252501376840126)	(10, 0.00033775975836416696)	(12, 0.0003440145687042441)	(14, 0.0003627789997244756)	(16, 0.0003815434307447071)	(18, 0.00042219969795520866)	(20, 0.00043158191346532443)	(22, 0.0004691107755057874)	(24, 0.0004910026116960575)	(26, 0.000509767042716289)	(28, 0.0005410410944166748)	(30, 0.0005723151461170606)	(32, 0.0007005387580886425)	(34, 0.0008256349648901858)	(36, 0.0009382215510115748)	(38, 0.0010977192146835427)	(40, 0.0013291471972663978)	(42, 0.0016512699297803717)	(44, 0.001995284498484616)	(46, 0.002445630842970172)	(48, 0.0032650109975202804)	(50, 0.004534737496555945)	(52, 0.005907668366202883)	(54, 0.00748075316673229)	(56, 0.009607388682358527)	(58, 0.012225026809680819)	(60, 0.01598104041889716)	(62, 0.0199966286572267)	(64, 0.024500092102082257)	(66, 0.02991050304624901)	(68, 0.036515582765370494)	(70, 0.044593670319580156)	(72, 0.053719438605752734)	(74, 0.06403362085653999)	(76, 0.07558312814949247)	(78, 0.0884899292862417)	(80, 0.10290413971494952)	(82, 0.12043011828784575)	(84, 0.1395573283078017)	(86, 0.1617556502047356)	(88, 0.18481088111826)	(90, 0.21157834196862024)	(92, 0.2411354482306549)	(94, 0.27262529088777343)	(96, 0.3058914996814738)	(98, 0.34144071424930234)	(100, 0.38029872348703175)	(102, 0.4235444821783253)	(104, 0.4688386912559941)	(106, 0.5168349784005761)	(108, 0.5675177065862215)	(110, 0.6206929766923874)	(112, 0.6782528688469476)	(114, 0.7398721329122178)	(116, 0.8057790694656108)	(118, 0.8751980820249573)	(120, 0.9480228388144758)	(122, 1.0258170424191855)	(124, 1.1094000729936369)	(126, 1.1965452180567617)	(128, 1.2853791619117079)	(130, 1.3795484589867395)	(132, 1.4815143771506776)	(134, 1.5898883485080244)	(136, 1.7043201036797362)	(138, 1.8235930820546677)
HNF4_GFP_R2_MKRN250011213-1A_22MGWFLT4_L3_1 - illumina_universal_adapter	(1, 0.00021773903595497483)	(2, 0.00021773903595497483)	(3, 0.00021773903595497483)	(4, 0.00021773903595497483)	(5, 0.00021773903595497483)	(6, 0.0002449564154493467)	(7, 0.0002449564154493467)	(8, 0.0002993911744380904)	(9, 0.0002993911744380904)	(10, 0.0003198042090588693)	(12, 0.0003266085539324622)	(14, 0.00036063027830042705)	(16, 0.00036743462317402)	(18, 0.00036743462317402)	(20, 0.0005103258655194723)	(22, 0.0005171302103930653)	(24, 0.0005239345552666582)	(26, 0.0005443475898874371)	(28, 0.000571564969381809)	(30, 0.0005851736591289949)	(32, 0.0007824996604631908)	(34, 0.0009526082823030149)	(36, 0.0010818908349012812)	(38, 0.0014153037337073363)	(40, 0.0016670644940302761)	(42, 0.0019324339441004017)	(44, 0.0023474989813895724)	(46, 0.0028986509161506024)	(48, 0.003769607059970502)	(50, 0.004939954378228492)	(52, 0.006416497215798164)	(54, 0.00794747481235658)	(56, 0.009947952205192912)	(58, 0.012649277120009319)	(60, 0.01547988458742399)	(62, 0.01937877419999276)	(64, 0.02378118533320741)	(66, 0.028836813574286982)	(68, 0.03463411540658819)	(70, 0.04183311228284954)	(72, 0.04952202199000959)	(74, 0.05817714866921984)	(76, 0.06765560107813484)	(78, 0.07865142239386105)	(80, 0.09107615613304182)	(82, 0.10494341098542428)	(84, 0.12060701288443529)	(86, 0.13676733195921856)	(88, 0.15474441111525117)	(90, 0.1757085976707911)	(92, 0.1977614794061059)	(94, 0.22089625197632196)	(96, 0.2460178932496272)	(98, 0.2725276208771454)	(100, 0.3017863038335951)	(102, 0.33297742073414527)	(104, 0.36816949242036806)	(106, 0.4053348241199328)	(108, 0.4435071988607894)	(110, 0.48329220333668743)	(112, 0.5252818155516297)	(114, 0.5709389696534384)	(116, 0.6200323179164116)	(118, 0.6727591863418835)	(120, 0.7280989231988151)	(122, 0.7870789845631189)	(124, 0.8511623045826174)	(126, 0.9183484058644743)	(128, 0.9888005926856559)	(130, 1.0627842344962322)	(132, 1.139550853360108)	(134, 1.223849881999051)	(136, 1.3140074515741578)	(138, 1.4064240636472976)
HNF4_GFP_R2_MKRN250011213-1A_22MGWFLT4_L3_2 - illumina_universal_adapter	(1, 0.0002041303462077889)	(2, 0.0002041303462077889)	(3, 0.0002041303462077889)	(4, 0.0002041303462077889)	(5, 0.0002041303462077889)	(6, 0.00023134772570216076)	(7, 0.00023134772570216076)	(8, 0.00027217379494371856)	(9, 0.00027217379494371856)	(10, 0.00029258682956449745)	(12, 0.0002993911744380904)	(14, 0.0003198042090588693)	(16, 0.0003266085539324622)	(18, 0.0003266085539324622)	(20, 0.0004694997962779145)	(22, 0.0004967171757722863)	(24, 0.0005103258655194723)	(26, 0.0005443475898874371)	(28, 0.0005851736591289949)	(30, 0.0005987823488761808)	(32, 0.0008029126950839697)	(34, 0.0009662169720502008)	(36, 0.0010818908349012812)	(38, 0.0013268472503506277)	(40, 0.0015309775965584168)	(42, 0.0017419122876397987)	(44, 0.0021705860146761556)	(46, 0.0027353466391843713)	(48, 0.0036335201624986425)	(50, 0.004831084860251004)	(52, 0.006416497215798164)	(54, 0.008022322605966104)	(56, 0.01010445213728555)	(58, 0.012860211811090701)	(60, 0.01572484100287334)	(62, 0.01961012192569492)	(64, 0.023978511334541604)	(66, 0.029074965644862734)	(68, 0.03489268051178472)	(70, 0.042159720836782)	(72, 0.04986904357856283)	(74, 0.05855138763726745)	(76, 0.06811829652953916)	(78, 0.07926381343248443)	(80, 0.0917770036550219)	(82, 0.10565786719715153)	(84, 0.1214779690282552)	(86, 0.1376723098274064)	(88, 0.15570382374242778)	(90, 0.1766748146428413)	(92, 0.19856439210118987)	(94, 0.2217467950855211)	(96, 0.24682080594471115)	(98, 0.2735482726081844)	(100, 0.30290902073773796)	(102, 0.33411374632803525)	(104, 0.3694827309809715)	(106, 0.4068045626126289)	(108, 0.4448748721803816)	(110, 0.4845169854139342)	(112, 0.5266222714917275)	(114, 0.5724427298705024)	(116, 0.6215564911680964)	(118, 0.6743445986974307)	(120, 0.7301674440403874)	(122, 0.7894605052688763)	(124, 0.8538023903935714)	(126, 0.9209544699510603)	(128, 0.9912093307709078)	(130, 1.065192972581484)	(132, 1.1419119610312447)	(134, 1.2260340767034745)	(136, 1.316232472347823)	(138, 1.408540214902985)
HNF4_GFP_R2_MKRN250011213-1A_22MVT7LT4_L4_1 - illumina_universal_adapter	(1, 0.00024382434726828955)	(2, 0.00024382434726828955)	(3, 0.0002577571671121918)	(4, 0.0002647235770341429)	(5, 0.0002786563968780452)	(6, 0.00029258921672194746)	(7, 0.00029258921672194746)	(8, 0.00030652203656584973)	(9, 0.00030652203656584973)	(10, 0.0003169716514487764)	(12, 0.00032045485640975194)	(14, 0.0003274212663317031)	(16, 0.0003483204960975565)	(18, 0.00035528690601950764)	(20, 0.00045978305484877457)	(22, 0.0004737158746926768)	(24, 0.0004946151044585303)	(26, 0.0005224807441463347)	(28, 0.000536413563990237)	(30, 0.000567762408639017)	(32, 0.0007210234269219419)	(34, 0.0008951836749707202)	(36, 0.0010136126436438894)	(38, 0.0011494576371219364)	(40, 0.0014281140339999815)	(42, 0.0017032872259170513)	(44, 0.0021108222063511923)	(46, 0.0026751014100292337)	(48, 0.003448372911365809)	(50, 0.0044898511946975025)	(52, 0.005667174471507244)	(54, 0.006962926716990154)	(56, 0.008774193296697447)	(58, 0.011013894086604737)	(60, 0.014228892265585182)	(62, 0.017691197996794895)	(64, 0.02178396382594118)	(66, 0.0260578563130582)	(68, 0.03147075682241423)	(70, 0.03771962652240439)	(72, 0.04528166449268234)	(74, 0.05333831756741882)	(76, 0.062001048305365056)	(78, 0.0716599756621503)	(80, 0.08312320318872088)	(82, 0.09659623997777436)	(84, 0.11122918401883272)	(86, 0.12723102760955446)	(88, 0.14403749154626155)	(90, 0.16308365627287597)	(92, 0.18457851408705617)	(94, 0.20710440056968513)	(96, 0.2316993107991336)	(98, 0.2569281643314796)	(100, 0.2845464964670549)	(102, 0.3151603848690691)	(104, 0.3466346248964443)	(106, 0.3809093617124439)	(108, 0.41724963907030194)	(110, 0.45572163786427705)	(112, 0.49603276887764725)	(114, 0.5388622570778028)	(116, 0.58573226303269)	(118, 0.6363745799603138)	(120, 0.6908414559350886)	(122, 0.7469384718316001)	(124, 0.8081697318405896)	(126, 0.8724522793953937)	(128, 0.9393820627205391)	(130, 1.009808983826504)	(132, 1.084649125618025)	(134, 1.164801154975034)	(136, 1.2492131439993157)	(138, 1.3375820538592658)
HNF4_GFP_R2_MKRN250011213-1A_22MVT7LT4_L4_2 - illumina_universal_adapter	(1, 0.00025079075719024066)	(2, 0.00025079075719024066)	(3, 0.0002647235770341429)	(4, 0.0002716899869560941)	(5, 0.0002856228067999963)	(6, 0.00029955562664389857)	(7, 0.00029955562664389857)	(8, 0.00031348844648780084)	(9, 0.00031348844648780084)	(10, 0.0003239380613707275)	(12, 0.0003274212663317031)	(14, 0.0003343876762536542)	(16, 0.00035528690601950764)	(18, 0.00036225331594145875)	(20, 0.00045978305484877457)	(22, 0.0004737158746926768)	(24, 0.0004980983094195058)	(26, 0.0005294471540682859)	(28, 0.0005468631788731638)	(30, 0.0005816952284829193)	(32, 0.0007593386814926732)	(34, 0.0009404653394634026)	(36, 0.001010129438682914)	(38, 0.0011076591775902296)	(40, 0.0013305842950926657)	(42, 0.0015987910770877843)	(44, 0.0020028428525609497)	(46, 0.0025671220562389916)	(48, 0.0033438767625365426)	(50, 0.0043958046607511635)	(52, 0.005618409602053586)	(54, 0.006931577872341374)	(56, 0.008735878042126718)	(58, 0.011003444471721809)	(60, 0.014218442650702256)	(62, 0.01764939953726319)	(64, 0.021770031006097278)	(66, 0.026064822722980153)	(68, 0.031463790412492275)	(70, 0.037670861652950735)	(72, 0.04521896680338478)	(74, 0.05327213667316029)	(76, 0.061952283435911394)	(78, 0.07160076117781372)	(80, 0.08304308947461844)	(82, 0.09647781100910119)	(84, 0.11117345273945711)	(86, 0.12716136351033494)	(88, 0.1439016465527835)	(90, 0.16284331513056866)	(92, 0.18427895846041226)	(94, 0.20667944956444612)	(96, 0.23096435455236775)	(98, 0.2562454561591284)	(100, 0.2837209768913037)	(102, 0.31411542338077647)	(104, 0.3453423558559224)	(106, 0.3794986637032488)	(108, 0.4154766877451654)	(110, 0.45375711026628684)	(112, 0.49380003449766197)	(114, 0.5363334502761345)	(116, 0.5829004173994169)	(118, 0.6331526153714113)	(120, 0.6871631914962985)	(122, 0.742675028959366)	(124, 0.8032618960505751)	(126, 0.8666213942907206)	(128, 0.9323216062646417)	(130, 1.0020344703536066)	(132, 1.0757808857873812)	(134, 1.1553198710712582)	(136, 1.238620717712989)	(138, 1.3255858959736657)
HNF4_GFP_R3_MKRN250011218-1A_22MVT7LT4_L4_1 - illumina_universal_adapter	(1, 1.1825443796341142e-05)	(2, 1.4781804745426428e-05)	(3, 2.0694526643597e-05)	(4, 2.6607248541767572e-05)	(5, 2.8085429016310212e-05)	(6, 3.1041789965395496e-05)	(7, 3.1041789965395496e-05)	(8, 3.2519970439938144e-05)	(9, 3.695451186356607e-05)	(10, 4.7301775185364575e-05)	(12, 5.617085803262043e-05)	(14, 6.282267016806232e-05)	(16, 7.390902372713214e-05)	(18, 7.90826553880314e-05)	(20, 9.534264060800045e-05)	(22, 0.00010642899416707027)	(24, 0.00012712352081066728)	(26, 0.000144861686505179)	(28, 0.00015668713030152014)	(30, 0.0001825552886060164)	(32, 0.00025350795138406326)	(34, 0.00033998150914480785)	(36, 0.0003798923819574592)	(38, 0.0004515841349727774)	(40, 0.0005735340241225454)	(42, 0.00074943750059312)	(44, 0.0010014672715026405)	(46, 0.0013695342096637585)	(48, 0.0019031573609736526)	(50, 0.002633378515397718)	(52, 0.003484071378497009)	(54, 0.00461414035128486)	(56, 0.006088625374641146)	(58, 0.007955567313988504)	(60, 0.01010705899468532)	(62, 0.012702743907982202)	(64, 0.015699754820117408)	(66, 0.01927916883922242)	(68, 0.023449855048144487)	(70, 0.028288678831559826)	(72, 0.033654473954149625)	(74, 0.03975196841163802)	(76, 0.046420779622537156)	(78, 0.05398980274243276)	(80, 0.06271476299342071)	(82, 0.07258679129265375)	(84, 0.08352163135308295)	(86, 0.09542837507552393)	(88, 0.10863887397651154)	(90, 0.12369414210972834)	(92, 0.14044414415700832)	(94, 0.15883123107984423)	(96, 0.17908747721273938)	(98, 0.20121140437521906)	(100, 0.2254875623086329)	(102, 0.25198099095386073)	(104, 0.28125931161312684)	(106, 0.3120697663342564)	(108, 0.34620834439381876)	(110, 0.38259523495516046)	(112, 0.4226450567324188)	(114, 0.46632085521373023)	(116, 0.5140409554733905)	(118, 0.5651253944931096)	(120, 0.6196702540037331)	(122, 0.6777080539757009)	(124, 0.7405196377902041)	(126, 0.8065078314444996)	(128, 0.8763282079790466)	(130, 0.9517878430239741)	(132, 1.031953265609608)	(134, 1.11779637939796)	(136, 1.2094524379024514)	(138, 1.3069953501468086)
HNF4_GFP_R3_MKRN250011218-1A_22MVT7LT4_L4_2 - illumina_universal_adapter	(1, 1.03472633217985e-05)	(2, 1.1825443796341142e-05)	(3, 2.5129068067224928e-05)	(4, 2.9563609490852856e-05)	(5, 3.1041789965395496e-05)	(6, 3.3998150914480784e-05)	(7, 3.3998150914480784e-05)	(8, 3.547633138902343e-05)	(9, 3.991087281265136e-05)	(10, 5.099722637172117e-05)	(12, 5.986630921897703e-05)	(14, 7.760447491348874e-05)	(16, 8.869082847255856e-05)	(18, 9.755991131981442e-05)	(20, 0.00011234171606524086)	(22, 0.0001286017012852099)	(24, 0.00015225258887789221)	(26, 0.0001759034764705745)	(28, 0.00019142437145327224)	(30, 0.0002283788833168383)	(32, 0.00030376608751851307)	(34, 0.00039541327694015695)	(36, 0.00045084504473550605)	(38, 0.000535840422021708)	(40, 0.0006555730404596621)	(42, 0.0008381283290656784)	(44, 0.0010975490023479124)	(46, 0.0014685723014581157)	(48, 0.0020014563625307385)	(50, 0.0027368511486157033)	(52, 0.0036126730797822193)	(54, 0.004733872969722814)	(56, 0.0062031843614182005)	(58, 0.008078995383612814)	(60, 0.010243051598343243)	(62, 0.012840953782351939)	(64, 0.01580692290452175)	(66, 0.019398901457660375)	(68, 0.02356884857634517)	(70, 0.028384760562405097)	(72, 0.03371655753408041)	(74, 0.03975196841163803)	(76, 0.04638456420091086)	(78, 0.05392254553084107)	(80, 0.06256620585572917)	(82, 0.07236432513123509)	(84, 0.08322377798746261)	(86, 0.09507656812258279)	(88, 0.10818802893177604)	(90, 0.12318490893624842)	(92, 0.13979817928963317)	(94, 0.1579953200214904)	(96, 0.1780527508805595)	(98, 0.19999338366419595)	(100, 0.22399090457815848)	(102, 0.2501850016772914)	(104, 0.2791499480759545)	(106, 0.3095324695497039)	(108, 0.34321133348168353)	(110, 0.3790779045159862)	(112, 0.41860149404430735)	(114, 0.4617939275104434)	(116, 0.5089390155655065)	(118, 0.5592843643479544)	(120, 0.6130953072529675)	(122, 0.6701700726457707)	(124, 0.7318966719919596)	(126, 0.7966956694544856)	(128, 0.8651073399967936)	(130, 0.9391013591012118)	(132, 1.0176976931131188)	(134, 1.101874158416424)	(136, 1.1917061422153297)	(138, 1.2874005897762713)
HNF4_NKX_R1_MKRN250011209-1A_22MGWFLT4_L3_1 - illumina_universal_adapter	(1, 0.0004719081411371765)	(2, 0.0004719081411371765)	(3, 0.0004719081411371765)	(4, 0.0004996674435570104)	(5, 0.0005135470947669273)	(6, 0.0005135470947669273)	(7, 0.0005135470947669273)	(8, 0.0005551860483966782)	(9, 0.0005551860483966782)	(10, 0.0005690656996065952)	(12, 0.0005968250020264291)	(14, 0.000624584304446263)	(16, 0.000624584304446263)	(18, 0.0006523436068660969)	(20, 0.0006662232580760139)	(22, 0.0006870427348908893)	(24, 0.0007078622117057648)	(26, 0.0007356215141255986)	(28, 0.0007772604677553495)	(30, 0.0008466587238049343)	(32, 0.0009438162822743529)	(34, 0.001061793317558647)	(36, 0.001193650004052858)	(38, 0.001381025295386737)	(40, 0.0015614607611156575)	(42, 0.0019362113437834151)	(44, 0.00232484157766109)	(46, 0.0027551107651685156)	(48, 0.0033658154184048614)	(50, 0.004295752049469298)	(52, 0.005308966587793236)	(54, 0.00674551048801964)	(56, 0.008320850900345214)	(58, 0.010416678233042674)	(60, 0.013213427951840941)	(62, 0.016398807904516883)	(64, 0.020007517219095293)	(66, 0.024490644559898467)	(68, 0.029438740216233862)	(70, 0.03530983267802873)	(72, 0.04201370421241862)	(74, 0.04991816557646633)	(76, 0.05894687868851731)	(78, 0.06909984354857156)	(80, 0.08134863574132328)	(82, 0.09529074538168486)	(84, 0.1102391297347654)	(86, 0.12668651641851703)	(88, 0.14533382781904045)	(90, 0.1660145081218167)	(92, 0.187861079126226)	(94, 0.21204637135950627)	(96, 0.23778618452829728)	(98, 0.265247074447118)	(100, 0.2960876594355535)	(102, 0.3294682205954037)	(104, 0.36528466054259445)	(106, 0.4018228423527008)	(108, 0.4423028451064236)	(110, 0.48573921356785876)	(112, 0.5319098733176475)	(114, 0.5808911624374444)	(116, 0.6344804957589338)	(118, 0.6903807910068742)	(120, 0.7497024202780593)	(122, 0.8126952172942674)	(124, 0.8818158803196539)	(126, 0.9526021014902304)	(128, 1.0274897595933372)	(130, 1.1086787793457464)	(132, 1.1951143072555044)	(134, 1.2885104802470355)	(136, 1.3855292422043552)	(138, 1.4893629129057437)
HNF4_NKX_R1_MKRN250011209-1A_22MGWFLT4_L3_2 - illumina_universal_adapter	(1, 0.0004719081411371765)	(2, 0.0004719081411371765)	(3, 0.0004719081411371765)	(4, 0.0004996674435570104)	(5, 0.0005135470947669273)	(6, 0.0005135470947669273)	(7, 0.0005135470947669273)	(8, 0.0005551860483966782)	(9, 0.0005551860483966782)	(10, 0.0005690656996065952)	(12, 0.0005829453508165122)	(14, 0.0005968250020264291)	(16, 0.0005968250020264291)	(18, 0.000624584304446263)	(20, 0.00063846395565618)	(22, 0.0006592834324710554)	(24, 0.0006801029092859308)	(26, 0.0007009223861008063)	(28, 0.0007703206421503909)	(30, 0.0008466587238049343)	(32, 0.0009438162822743529)	(34, 0.001061793317558647)	(36, 0.0011867101784478998)	(38, 0.001408784597806571)	(40, 0.001554520935510699)	(42, 0.0019153918669685397)	(44, 0.0022901424496362976)	(46, 0.002741231113958599)	(48, 0.00337275524400982)	(50, 0.004365150305518883)	(52, 0.005350605541422986)	(54, 0.006731630836809723)	(56, 0.008300031423530339)	(58, 0.010381979105017883)	(60, 0.0132203677774459)	(62, 0.016475145986171426)	(64, 0.02015325355679942)	(66, 0.02462250124639268)	(68, 0.029612235856357826)	(70, 0.03543474953891799)	(72, 0.04224965828298721)	(74, 0.050299855984739045)	(76, 0.05937020805041977)	(78, 0.0696272702945484)	(80, 0.08176502527762078)	(82, 0.09560997735951295)	(84, 0.11058612101501333)	(86, 0.12704044752436988)	(88, 0.14568775892489333)	(90, 0.16631292062282993)	(92, 0.18816643145284417)	(94, 0.21233090420930958)	(96, 0.23807765720370555)	(98, 0.2655454869481312)	(100, 0.2962472754244675)	(102, 0.3296417162355277)	(104, 0.36539569775227376)	(106, 0.4019755185160099)	(108, 0.4422889654552137)	(110, 0.48559347723015456)	(112, 0.5319237529688574)	(114, 0.5808148243557898)	(116, 0.6342376018627602)	(118, 0.6900684988546513)	(120, 0.7492790909161569)	(122, 0.81227882775797)	(124, 0.8813856111321465)	(126, 0.9519289384065495)	(128, 1.0267610779048166)	(130, 1.1078876392267811)	(132, 1.1937541014369324)	(134, 1.286803283148216)	(136, 1.383370956441213)	(138, 1.4868090570831192)
HNF4_NKX_R1_MKRN250011209-1A_22MVT7LT4_L4_1 - illumina_universal_adapter	(1, 0.0003381186174450489)	(2, 0.0003381186174450489)	(3, 0.0003381186174450489)	(4, 0.0003381186174450489)	(5, 0.0003381186174450489)	(6, 0.0003441564498994248)	(7, 0.00036226994726255244)	(8, 0.00037434561217130415)	(9, 0.00038038344462568006)	(10, 0.0003864212770800559)	(12, 0.0003924591095344318)	(14, 0.00040151585821599563)	(16, 0.00043170502048787496)	(18, 0.00045283743407819053)	(20, 0.0004739698476685061)	(22, 0.0005011400937131975)	(24, 0.0005252914235307011)	(26, 0.0005434049208938286)	(28, 0.0005886886643016477)	(30, 0.0006339724077094667)	(32, 0.0007758614703872997)	(34, 0.0008966181194748173)	(36, 0.0009660531927001398)	(38, 0.0010837909255604693)	(40, 0.001246812401828618)	(42, 0.001575874270592103)	(44, 0.001865690228402145)	(46, 0.002300414165117208)	(48, 0.0029404244052810505)	(50, 0.0038008155300296126)	(52, 0.004845360544636639)	(54, 0.006055945951739002)	(56, 0.007508044657016399)	(58, 0.00956996444018576)	(60, 0.012036418997798306)	(62, 0.0152908106907069)	(64, 0.01882294267651679)	(66, 0.022810931012632048)	(68, 0.02768648071954057)	(70, 0.03363978351955518)	(72, 0.04052895034999805)	(74, 0.04831473529991574)	(76, 0.05679487098208666)	(78, 0.06673616211821654)	(80, 0.07805106013771693)	(82, 0.09085126494099377)	(84, 0.10569225711384966)	(86, 0.12117627844309661)	(88, 0.13893354369141603)	(90, 0.15832404261864416)	(92, 0.1795621182769113)	(94, 0.2023911627869065)	(96, 0.22699533003848815)	(98, 0.25442822179494495)	(100, 0.284146433135383)	(102, 0.31589637509671853)	(104, 0.3501369229454841)	(106, 0.38577522900743766)	(108, 0.42449886745357734)	(110, 0.4655500903108789)	(112, 0.509131164966564)	(114, 0.5562655040216493)	(116, 0.6061319622623396)	(118, 0.6601071654882327)	(120, 0.7179677138985168)	(122, 0.7806011688639849)	(124, 0.846818077391125)	(126, 0.9148493545708052)	(128, 0.9874361763373121)	(130, 1.0655657282969357)	(132, 1.1479338386395312)	(134, 1.2368318647815346)	(136, 1.3327639657328856)	(138, 1.4339761511655884)
HNF4_NKX_R1_MKRN250011209-1A_22MVT7LT4_L4_2 - illumina_universal_adapter	(1, 0.0003260429525362972)	(2, 0.0003260429525362972)	(3, 0.0003260429525362972)	(4, 0.0003260429525362972)	(5, 0.0003260429525362972)	(6, 0.00033208078499067306)	(7, 0.0003501942823538007)	(8, 0.0003501942823538007)	(9, 0.00035623211480817653)	(10, 0.00036226994726255244)	(12, 0.0003773645283984921)	(14, 0.0003954780257616197)	(16, 0.00041962935557912325)	(18, 0.0004347239367150629)	(20, 0.0004498185178510026)	(22, 0.00047095093144131815)	(24, 0.0005041590099403854)	(26, 0.000525291423530701)	(28, 0.0005705751669385201)	(30, 0.0006218967428007151)	(32, 0.000766804721705736)	(34, 0.0008905802870204415)	(36, 0.0009841666900632675)	(38, 0.0011200179202867245)	(40, 0.0012739826478733094)	(42, 0.0015819121030464789)	(44, 0.0018807848095380847)	(46, 0.002303433081344396)	(48, 0.0029494811539626143)	(50, 0.0038491181896646194)	(52, 0.004908757785407586)	(54, 0.006155570187236203)	(56, 0.007607668892513601)	(58, 0.009711853502863592)	(60, 0.012154156730658634)	(62, 0.015441756502066296)	(64, 0.018901434498423672)	(66, 0.02290149849944769)	(68, 0.02772572663049401)	(70, 0.033685067262963)	(72, 0.040592347590769004)	(74, 0.048257375891599175)	(76, 0.05670732241149821)	(78, 0.0666184243853562)	(80, 0.07773407393386218)	(82, 0.09032295460123588)	(84, 0.10501601987895956)	(86, 0.12036418997798304)	(88, 0.13800975532589654)	(90, 0.15722213819572056)	(92, 0.17821266272335828)	(94, 0.20095717757899223)	(96, 0.22536813419203386)	(98, 0.25245988841481837)	(100, 0.28186413246762887)	(102, 0.3130555749269347)	(104, 0.3469761176556183)	(106, 0.38215856736726656)	(108, 0.42039917921705616)	(110, 0.46080133508551235)	(112, 0.5039235344746649)	(114, 0.5503484282163609)	(116, 0.5994299682379824)	(118, 0.6526172343285794)	(120, 0.7094604079703011)	(122, 0.7709436558532106)	(124, 0.8359499789732485)	(126, 0.9029457678870032)	(128, 0.9741921908486384)	(130, 1.0508002090297595)	(132, 1.1318037692376661)	(134, 1.219041391454716)	(136, 1.313201388580708)	(138, 1.412861851072636)
HNF4_NKX_R2_MKRN250011214-1A_22MVT7LT4_L4_1 - illumina_universal_adapter	(1, 8.959250963615037e-06)	(2, 1.0079157334066917e-05)	(3, 1.9038408297681953e-05)	(4, 3.135737837265263e-05)	(5, 3.695691022491203e-05)	(6, 4.255644207717143e-05)	(7, 4.591616118852706e-05)	(8, 5.823513126349774e-05)	(9, 6.159485037485339e-05)	(10, 7.447377363505e-05)	(12, 8.343302459866504e-05)	(14, 9.463208830318383e-05)	(16, 0.00010527119882247669)	(18, 0.00012598946667583645)	(20, 0.00013886838993603306)	(22, 0.00016406628327120037)	(24, 0.00018086487882797858)	(26, 0.00020494286579269397)	(28, 0.00023238057186876504)	(30, 0.00026429790342664364)	(32, 0.0003174934560231079)	(34, 0.0003947669955842876)	(36, 0.0005414747301134838)	(38, 0.0007968133825765123)	(40, 0.00120949888008803)	(42, 0.0018719234982103167)	(44, 0.0028703200274681675)	(46, 0.004282521960607988)	(48, 0.0063661077628337105)	(50, 0.009178752612223605)	(52, 0.012701978053665219)	(54, 0.016904426708785898)	(56, 0.022145028569315467)	(58, 0.028682482006828318)	(60, 0.036549264306067544)	(62, 0.045267735400035425)	(64, 0.05479925851895137)	(66, 0.06559627583647795)	(68, 0.07794940305574741)	(70, 0.09186759942772338)	(72, 0.1072097567497289)	(74, 0.1235531103669184)	(76, 0.140935177142702)	(78, 0.15996518614260558)	(80, 0.18099086829465438)	(82, 0.2040435809772211)	(84, 0.2292005977298669)	(86, 0.2563107311925808)	(88, 0.28543277644981147)	(90, 0.31743298107910345)	(92, 0.351610283692554)	(94, 0.38893956278564124)	(96, 0.4285797686741559)	(98, 0.47142066696942214)	(100, 0.5180334099203703)	(102, 0.5677348546410248)	(104, 0.6212456608807713)	(106, 0.6777538965210321)	(108, 0.7376683273870225)	(110, 0.800918959330589)	(112, 0.8689543912419111)	(114, 0.9411351565834609)	(116, 1.0179355357031246)	(118, 1.100137223247478)	(120, 1.1884519197149426)	(122, 1.2821024100844254)	(124, 1.3807443231470122)	(126, 1.482804190452218)	(128, 1.5877875733374887)	(130, 1.698976357421433)	(132, 1.81603289093336)	(134, 1.9387415918969577)	(136, 2.0687901592124973)	(138, 2.203606727900235)
HNF4_NKX_R2_MKRN250011214-1A_22MVT7LT4_L4_1 - polyg	(1, 0.0)	(2, 0.0)	(3, 0.0007928937102799308)	(4, 0.0010157550779998548)	(5, 0.0011691822507517624)	(6, 0.0012968515769832766)	(7, 0.0014122019331398203)	(8, 0.0017649724398321623)	(9, 0.00213902116756309)	(10, 0.00249347153381111)	(12, 0.0028249638194648664)	(14, 0.0032057319854185053)	(16, 0.0035299448796643246)	(18, 0.003808241612721617)	(20, 0.004085418439408457)	(22, 0.004316679104906769)	(24, 0.004488584732771134)	(26, 0.004638652186411686)	(28, 0.004762401840346618)	(30, 0.004845834864945283)	(32, 0.004925908170432593)	(34, 0.004995342365400609)	(36, 0.0050647765603686265)	(38, 0.005134210755336642)	(40, 0.005199725278008077)	(42, 0.005254040736974993)	(44, 0.005294917319496487)	(46, 0.005346433012537273)	(48, 0.005414187347949613)	(50, 0.0054645831346199466)	(52, 0.005507139576697118)	(54, 0.0055631348952197126)	(56, 0.0056168904010014025)	(58, 0.005686884549154645)	(60, 0.005739520148565883)	(62, 0.005795515467088477)	(64, 0.005842551534647456)	(66, 0.005892387368132565)	(68, 0.00594950259302561)	(70, 0.006002698145622075)	(72, 0.006057013604588992)	(74, 0.006127007752742233)	(76, 0.006189722509487539)	(78, 0.0062485175939362625)	(80, 0.006315711976163376)	(82, 0.006375067013797325)	(84, 0.0064501007406176005)	(86, 0.006530733999290135)	(88, 0.00665840332552165)	(90, 0.006847667502128018)	(92, 0.007111405452369436)	(94, 0.007442897738023192)	(96, 0.00787630150338807)	(98, 0.008455293096911691)	(100, 0.009201150739632643)	(102, 0.01004276037702723)	(104, 0.011073634191028185)	(106, 0.01227977335200486)	(108, 0.013737891446333209)	(110, 0.015475986133274526)	(112, 0.01749013774053223)	(114, 0.019945532457747977)	(116, 0.02294296185826243)	(118, 0.026422510951256424)	(120, 0.030605361244894193)	(122, 0.03544503662480199)	(124, 0.04115431930136568)	(126, 0.04765873550095019)	(128, 0.05519066579542431)	(130, 0.06395337319102504)	(132, 0.07415572022584166)	(134, 0.08576410970876061)	(136, 0.09841961164805209)	(138, 0.11222189771068627)
HNF4_NKX_R2_MKRN250011214-1A_22MVT7LT4_L4_2 - illumina_universal_adapter	(1, 8.959250963615037e-06)	(2, 8.959250963615037e-06)	(3, 2.1278221038585715e-05)	(4, 3.359719111355639e-05)	(5, 3.919672296581579e-05)	(6, 4.4796254818075185e-05)	(7, 5.039578667033458e-05)	(8, 6.04749440044015e-05)	(9, 6.495456948620902e-05)	(10, 7.671358637595376e-05)	(12, 8.623279052479474e-05)	(14, 0.00010023162015544323)	(16, 0.00011311054341563984)	(18, 0.00012766932623151428)	(20, 0.00013606862400990336)	(22, 0.00015454707912235938)	(24, 0.00017358548742004134)	(26, 0.00020326300623701616)	(28, 0.00023294052505399096)	(30, 0.00026765762253799926)	(32, 0.00031805340920833383)	(34, 0.0003942070423990616)	(36, 0.0005375550578169022)	(38, 0.000790653897539027)	(40, 0.0012145384587550635)	(42, 0.001871363545025091)	(44, 0.002883198950728364)	(46, 0.0043077198539431556)	(48, 0.006389625796613199)	(50, 0.009240907415783685)	(52, 0.012765812716780976)	(54, 0.0169800203887914)	(56, 0.022214462764283485)	(58, 0.0287771140951315)	(60, 0.036666854474965)	(62, 0.04544076093427024)	(64, 0.05498796274237252)	(66, 0.06578554001308431)	(68, 0.07815882554702192)	(70, 0.09205518374477406)	(72, 0.1073721431734444)	(74, 0.12366566095714882)	(76, 0.14100013171218823)	(78, 0.15989743180719324)	(80, 0.18081728280723436)	(82, 0.20379720157572168)	(84, 0.22886574572510182)	(86, 0.2557989339812843)	(88, 0.28478771038043116)	(90, 0.316675924372678)	(92, 0.3507608347105662)	(94, 0.3879282873331232)	(96, 0.4273999473128849)	(98, 0.46999558611302217)	(100, 0.5161855644091247)	(102, 0.565495041900121)	(104, 0.6185494862939083)	(106, 0.6744468130090877)	(108, 0.7338113698471862)	(110, 0.7965059682778233)	(112, 0.863987606488957)	(114, 0.9355882603306127)	(116, 1.0118583637838676)	(118, 1.0932246011758635)	(120, 1.1805756182115545)	(122, 1.273083244129991)	(124, 1.3704551833684855)	(126, 1.4711465250889992)	(128, 1.574576597838453)	(130, 1.684156076468058)	(132, 1.7995254710328994)	(134, 1.9204462414760708)	(136, 2.04861112627651)	(138, 2.181298193000834)
HNF4_NKX_R3_MKRN250011219-1A_22MVT7LT4_L4_1 - illumina_universal_adapter	(1, 4.241504658508189e-06)	(2, 4.241504658508189e-06)	(3, 2.1207523292540944e-05)	(4, 2.5449027951049136e-05)	(5, 2.9690532609557324e-05)	(6, 3.393203726806551e-05)	(7, 3.393203726806551e-05)	(8, 4.241504658508189e-05)	(9, 5.513956056060646e-05)	(10, 6.786407453613102e-05)	(12, 8.695084549941787e-05)	(14, 9.967535947494244e-05)	(16, 0.0001187621304382293)	(18, 0.0001230036350967375)	(20, 0.00013360739674300796)	(22, 0.00015905642469405708)	(24, 0.00018026394798659803)	(26, 0.00018874695730361442)	(28, 0.00022267899457167992)	(30, 0.0002714562981445241)	(32, 0.00033507886802214694)	(34, 0.0003987014378997698)	(36, 0.00047292776942366307)	(38, 0.0006150181754836874)	(40, 0.0007783161048362527)	(42, 0.0010794629355903342)	(44, 0.0015227001724044398)	(46, 0.002222548441058291)	(48, 0.0031090229146865022)	(50, 0.004362387541275672)	(52, 0.00596143479753326)	(54, 0.007838300608923134)	(56, 0.010474395754185972)	(58, 0.013386188702251844)	(60, 0.017046607222544412)	(62, 0.021258421348443045)	(64, 0.02626127609315345)	(66, 0.03164374550480034)	(68, 0.03820535321151251)	(70, 0.045386220598366875)	(72, 0.05341326816459362)	(74, 0.06212319798084019)	(76, 0.07213102822259027)	(78, 0.08297867638672496)	(80, 0.09489094222014521)	(82, 0.10833863273994543)	(84, 0.12300151434440823)	(86, 0.13914256032236114)	(88, 0.15684660076697432)	(90, 0.17699798939954672)	(92, 0.1985405915601098)	(94, 0.22261749275413156)	(96, 0.249129017622137)	(98, 0.2780709246594676)	(100, 0.3091993273482592)	(102, 0.3432946625456773)	(104, 0.38104193325407093)	(106, 0.420470960559563)	(108, 0.463187153975399)	(110, 0.5098903617702326)	(112, 0.5606187574859907)	(114, 0.6162588155963011)	(116, 0.6764881817471173)	(118, 0.7418306817637652)	(120, 0.8113022865654709)	(122, 0.885944285545898)	(124, 0.9661002405823857)	(126, 1.0497321086865208)	(128, 1.1384707483995)	(130, 1.2335037810257052)	(132, 1.3349202781629654)	(134, 1.4443447360954889)	(136, 1.5608800765880013)	(138, 1.6840491303664207)
HNF4_NKX_R3_MKRN250011219-1A_22MVT7LT4_L4_2 - illumina_universal_adapter	(1, 4.241504658508189e-06)	(2, 1.2724513975524568e-05)	(3, 2.1207523292540944e-05)	(4, 2.5449027951049136e-05)	(5, 2.9690532609557324e-05)	(6, 3.393203726806551e-05)	(7, 3.393203726806551e-05)	(8, 3.81735419265737e-05)	(9, 5.089805590209827e-05)	(10, 6.150181754836874e-05)	(12, 6.998482686538512e-05)	(14, 7.84678361824015e-05)	(16, 9.755460714568835e-05)	(18, 0.00010179611180419654)	(20, 0.00011239987345046702)	(22, 0.00014633191071853252)	(24, 0.00018238470031585214)	(26, 0.00021207523292540945)	(28, 0.0002629732888275077)	(30, 0.00032023360171736827)	(32, 0.00037961466693648294)	(34, 0.00045384099846037623)	(36, 0.0005301880823135236)	(38, 0.0006574332220687692)	(40, 0.0008419386747138755)	(42, 0.0011579307717727357)	(44, 0.0016266170365378905)	(46, 0.002332827562179504)	(48, 0.0032214227881369696)	(50, 0.004479028919384648)	(52, 0.006069593166325218)	(54, 0.007921009949764043)	(56, 0.010516810800771055)	(58, 0.013473139547751263)	(60, 0.017089022269129492)	(62, 0.02124993833912603)	(64, 0.026231585560543894)	(66, 0.031563156916288686)	(68, 0.038084470328745026)	(70, 0.04525261320162387)	(72, 0.05319695142700971)	(74, 0.061851741682695666)	(76, 0.07177474183127558)	(78, 0.08243364303810666)	(80, 0.09423350899807643)	(82, 0.1075497128734629)	(84, 0.12209171159515822)	(86, 0.1380546143774538)	(88, 0.1556653417195798)	(90, 0.17557920609127575)	(92, 0.1968864047432916)	(94, 0.22071729866711987)	(96, 0.24686405413449364)	(98, 0.27534151641171756)	(100, 0.3059418517705249)	(102, 0.33949851587631247)	(104, 0.3765904741149666)	(106, 0.415512641613767)	(108, 0.45760109234014373)	(110, 0.5035175010208242)	(112, 0.5534463731084533)	(114, 0.6082805453336472)	(116, 0.6676361615248108)	(118, 0.7316086555367605)	(120, 0.7998311372165354)	(122, 0.8728295531417907)	(124, 0.9510450197970108)	(126, 1.0328191088607195)	(128, 1.1198399391870026)	(130, 1.2126419403628326)	(132, 1.3118380098113638)	(134, 1.4187324102150871)	(136, 1.532400493558448)	(138, 1.6524668866791687)
HNF4_R1_MKRN250011207-1A_22MGWFLT4_L3_1 - illumina_universal_adapter	(1, 0.00048126507262049315)	(2, 0.00048126507262049315)	(3, 0.00048126507262049315)	(4, 0.00048126507262049315)	(5, 0.00048126507262049315)	(6, 0.0004973072417078429)	(7, 0.0005133494107951926)	(8, 0.0005133494107951926)	(9, 0.0005293915798825424)	(10, 0.0005775180871445917)	(12, 0.0006096024253192913)	(14, 0.0006336656789503159)	(16, 0.0006416867634939908)	(18, 0.0006497078480376657)	(20, 0.0006657500171250155)	(22, 0.0007138765243870648)	(24, 0.0007539819471054392)	(26, 0.000770024116192789)	(28, 0.0008341927925421881)	(30, 0.0008823192998042374)	(32, 0.000986593398872011)	(34, 0.0011389940052018337)	(36, 0.001323478949706356)	(38, 0.0014277530487741296)	(40, 0.0015480693169292528)	(42, 0.0017646385996084749)	(44, 0.0019411024595693224)	(46, 0.0024704940394518647)	(48, 0.003352813339256102)	(50, 0.004451701921739561)	(52, 0.005887476055057366)	(54, 0.007363355611093546)	(56, 0.00952102735334209)	(58, 0.01199954247733763)	(60, 0.0156812202828844)	(62, 0.01978801556924594)	(64, 0.02415148556100508)	(66, 0.029597801966160325)	(68, 0.036191133461061085)	(70, 0.0438191848620959)	(72, 0.05288301039644852)	(74, 0.06206715219895627)	(76, 0.07234216149940378)	(78, 0.08506360158567217)	(80, 0.09879569832444357)	(82, 0.11517475296262769)	(84, 0.13301364498776064)	(86, 0.15142203401549448)	(88, 0.1738730496532405)	(90, 0.19865017980865224)	(92, 0.22458234613835312)	(94, 0.25264812095667155)	(96, 0.2813636036230276)	(98, 0.31259770683609767)	(100, 0.34672742156943426)	(102, 0.38252552188785527)	(104, 0.4210267276974947)	(106, 0.4627123040709731)	(108, 0.506210645551322)	(110, 0.5523559449310836)	(112, 0.6009556961812097)	(114, 0.6525553330506703)	(116, 0.7086547983491325)	(118, 0.7681150980713944)	(120, 0.8326367021407152)	(122, 0.9020431466971339)	(124, 0.9750590792982065)	(126, 1.0513155300549237)	(128, 1.1315745019989345)	(130, 1.2161648595965298)	(132, 1.3064261239665034)	(134, 1.4052378644600343)	(136, 1.5093194574987594)	(138, 1.6188152826044653)
HNF4_R1_MKRN250011207-1A_22MGWFLT4_L3_2 - illumina_universal_adapter	(1, 0.0004652229035331434)	(2, 0.0004652229035331434)	(3, 0.0004652229035331434)	(4, 0.0004652229035331434)	(5, 0.0004652229035331434)	(6, 0.00048126507262049315)	(7, 0.0004973072417078429)	(8, 0.0004973072417078429)	(9, 0.0005133494107951926)	(10, 0.0005213704953388675)	(12, 0.000561475918057242)	(14, 0.0005855391716882666)	(16, 0.0005935602562319415)	(18, 0.0006015813407756164)	(20, 0.0006256445944066411)	(22, 0.000697834355299715)	(24, 0.0007539819471054392)	(26, 0.0007620030316491141)	(28, 0.0007860662852801388)	(30, 0.0008502349616295379)	(32, 0.0010186777370467105)	(34, 0.0011470150897455087)	(36, 0.001339521118793706)	(38, 0.0014678584714925042)	(40, 0.0015801536551039524)	(42, 0.0017806807686958246)	(44, 0.0020052711359187215)	(46, 0.0025667470539759633)	(48, 0.0034731296074112256)	(50, 0.0046442079507877584)	(52, 0.006104045337736588)	(54, 0.007628051401034817)	(56, 0.00986593398872011)	(58, 0.012336428028171975)	(60, 0.015953937157369348)	(62, 0.020124901120080287)	(64, 0.024520455450014127)	(66, 0.0299587507706257)	(68, 0.03667239853368158)	(70, 0.04441274511832784)	(72, 0.053380317638156365)	(74, 0.06266873353973187)	(76, 0.07304801693924719)	(78, 0.08576945702551556)	(80, 0.09966197545516045)	(82, 0.11624155720693644)	(84, 0.13412055465478778)	(86, 0.15256102802069632)	(88, 0.17495589606663658)	(90, 0.19965281537661156)	(92, 0.2254807076072447)	(94, 0.25357856676373786)	(96, 0.2823020705146376)	(98, 0.3134720050513582)	(100, 0.34760171978469484)	(102, 0.38356024179398934)	(104, 0.42217374278724024)	(106, 0.46411599386611624)	(108, 0.5076544407691835)	(110, 0.5541366256997795)	(112, 0.6029529462325849)	(114, 0.6547932156383556)	(116, 0.7109728917822545)	(118, 0.7701925589682062)	(120, 0.834762289544789)	(122, 0.9042730082002757)	(124, 0.9773370673086101)	(126, 1.0537860240943755)	(128, 1.1343578183355896)	(130, 1.2192850614840194)	(132, 1.309442051754925)	(134, 1.4081655603184755)	(136, 1.5127043551761903)	(138, 1.6225210236636431)
HNF4_R1_MKRN250011207-1A_22MVT7LT4_L4_1 - illumina_universal_adapter	(1, 0.0002559639257914775)	(2, 0.00026943571135945)	(3, 0.0002896433897114088)	(4, 0.0002896433897114088)	(5, 0.0002896433897114088)	(6, 0.000296379282495395)	(7, 0.000296379282495395)	(8, 0.00030311517527938125)	(9, 0.0003098510680633675)	(10, 0.00032332285363134)	(12, 0.00035026642476728505)	(14, 0.00037047410311924375)	(16, 0.00037720999590323)	(18, 0.00038057794229522313)	(20, 0.00039404972786319565)	(22, 0.00041088945982316127)	(24, 0.00044456892374309255)	(26, 0.00048161633405501686)	(28, 0.0005253996371509275)	(30, 0.0005624470474628519)	(32, 0.00075441999180646)	(34, 0.0009531288289340543)	(36, 0.0010070159712059444)	(38, 0.0011114223093577312)	(40, 0.0012865555217413736)	(42, 0.001539151501140858)	(44, 0.0017782756949723702)	(46, 0.0022228446187154624)	(48, 0.0029166415754660465)	(50, 0.004017960045647798)	(52, 0.0053718744952290344)	(54, 0.00696154519224979)	(56, 0.008753292672790132)	(58, 0.011302828091528928)	(60, 0.014569736091762259)	(62, 0.017843379984779577)	(64, 0.021915227172699267)	(66, 0.026633720067881634)	(68, 0.032581513396141494)	(70, 0.039512747070863344)	(72, 0.04775747983846251)	(74, 0.05700922857726763)	(76, 0.06720737025222281)	(78, 0.07920736324689431)	(80, 0.09284754613446647)	(82, 0.10801340873761152)	(84, 0.12523371863987237)	(86, 0.14392245316904223)	(88, 0.1635239011704422)	(90, 0.18602178306895628)	(92, 0.21081997235320166)	(94, 0.237103425996316)	(96, 0.2651281079240908)	(98, 0.2951196705447896)	(100, 0.3273980687656517)	(102, 0.3622899933867005)	(104, 0.39966746244504014)	(106, 0.43852009202307285)	(108, 0.4799087852342764)	(110, 0.5237426075260669)	(112, 0.5707288276407629)	(114, 0.6214366285186115)	(116, 0.6753473464152455)	(118, 0.7308073196521963)	(120, 0.789756485351252)	(122, 0.8550710697311745)	(124, 0.9243227834433372)	(126, 0.996400204178382)	(128, 1.0723036120147311)	(130, 1.1538988492535487)	(132, 1.2406571483112914)	(134, 1.3346767397901718)	(136, 1.4341692441560405)	(138, 1.5388450180191868)
HNF4_R1_MKRN250011207-1A_22MVT7LT4_L4_2 - illumina_universal_adapter	(1, 0.00026269981857546373)	(2, 0.00027617160414343626)	(3, 0.000296379282495395)	(4, 0.000296379282495395)	(5, 0.000296379282495395)	(6, 0.00030311517527938125)	(7, 0.00030311517527938125)	(8, 0.0003098510680633675)	(9, 0.00031658696084735377)	(10, 0.0003367946391993125)	(12, 0.0003671061567272506)	(14, 0.0003906817814712025)	(16, 0.00039741767425518874)	(18, 0.0004007856206471819)	(20, 0.0004176253526071475)	(22, 0.00043783303095910626)	(24, 0.0004681445484870444)	(26, 0.0005018240124069756)	(28, 0.0005456073155028862)	(30, 0.0005994944577747763)	(32, 0.0008689301691342262)	(34, 0.0010440633815178688)	(36, 0.001104686416573745)	(38, 0.0012259324866854976)	(40, 0.0013673862351492086)	(42, 0.001613246321764707)	(44, 0.001862474354772198)	(46, 0.002323883010475256)	(48, 0.003010944074441854)	(50, 0.004098790759055633)	(52, 0.005476280833380821)	(54, 0.007065951530401576)	(56, 0.00884759517176594)	(58, 0.011434178000816659)	(60, 0.014728029572185936)	(62, 0.018011777304379233)	(64, 0.022076888599514934)	(66, 0.0268459006905772)	(68, 0.032824005536365)	(70, 0.03982259813892671)	(72, 0.048094274477661826)	(74, 0.057386438573170856)	(76, 0.0675037495347182)	(78, 0.07945322333350982)	(80, 0.09291827300869833)	(82, 0.10805719204070743)	(84, 0.12519667122956044)	(86, 0.14375405584944256)	(88, 0.16325783340547473)	(90, 0.18548291164623737)	(92, 0.21018679843150695)	(94, 0.23634563805811754)	(96, 0.26432316873640443)	(98, 0.29424737242926335)	(100, 0.32639105279444575)	(102, 0.3611516275062068)	(104, 0.39819566987173916)	(106, 0.436984308468324)	(108, 0.47838647346509544)	(110, 0.5219373882599585)	(112, 0.5686676444488632)	(114, 0.6190319147947283)	(116, 0.6724138651078194)	(118, 0.7276414500437227)	(120, 0.7857957803942679)	(122, 0.850426671656616)	(124, 0.9188633423419164)	(126, 0.9898832279098755)	(128, 1.0646112224554187)	(130, 1.144859281137439)	(132, 1.2303108169950887)	(134, 1.3228586159006677)	(136, 1.4212834812602748)	(138, 1.52458850094188)
HNF4_R2_MKRN250011212-1A_22MGWFLT4_L3_1 - illumina_universal_adapter	(1, 0.00019789227762138006)	(2, 0.00019789227762138006)	(3, 0.00019789227762138006)	(4, 0.00019789227762138006)	(5, 0.00019789227762138006)	(6, 0.00022616260299586293)	(7, 0.00022616260299586293)	(8, 0.0002968384164320701)	(9, 0.0002968384164320701)	(10, 0.0003109735791193115)	(12, 0.00036044664852465655)	(14, 0.00040991971793000154)	(16, 0.00044525762464810517)	(18, 0.00046646036867896727)	(20, 0.0005017982753970708)	(22, 0.0005159334380843123)	(24, 0.0005442037634587951)	(26, 0.0005795416701768987)	(28, 0.000650217483613106)	(30, 0.0007279608783929338)	(32, 0.0008905152492962103)	(34, 0.0011378805963229354)	(36, 0.0012580294791644875)	(38, 0.001569003058283799)	(40, 0.001865841474715869)	(42, 0.0021768150538351806)	(44, 0.002713951235950355)	(46, 0.003399506626281565)	(48, 0.004381900433044844)	(50, 0.005675267818927436)	(52, 0.007491636224237959)	(54, 0.00956950513926245)	(56, 0.012467213490146943)	(58, 0.015612287188058162)	(60, 0.019725619530045417)	(62, 0.025584644463906993)	(64, 0.03212922478809978)	(66, 0.039387630827998246)	(68, 0.048412932203801905)	(70, 0.0580672483191878)	(72, 0.06897959391373819)	(74, 0.08179311888972254)	(76, 0.09660676938595157)	(78, 0.11248762466506732)	(80, 0.13007883462933928)	(82, 0.14968430527654314)	(84, 0.1714383206522077)	(86, 0.19522073187349143)	(88, 0.2215474723784786)	(90, 0.24981073017161784)	(92, 0.28080207436339466)	(94, 0.31524946583220204)	(96, 0.3500290336241596)	(98, 0.3885826898536106)	(100, 0.4287194843040326)	(102, 0.4721356364978947)	(104, 0.5183505509038306)	(106, 0.567088591849439)	(108, 0.6190565174690822)	(110, 0.6757173171008894)	(112, 0.7358624343351017)	(114, 0.7999088564709926)	(116, 0.8702171556773315)	(118, 0.9448790849913409)	(120, 1.0233151027428433)	(122, 1.1077797673804546)	(124, 1.200308542331137)	(126, 1.2975937995260765)	(128, 1.4011621365354943)	(130, 1.5110276885220784)	(132, 1.6282647278500586)	(134, 1.7549652585971471)	(136, 1.8913766461103707)	(138, 2.036170185097128)
HNF4_R2_MKRN250011212-1A_22MGWFLT4_L3_2 - illumina_universal_adapter	(1, 0.00019789227762138006)	(2, 0.00019789227762138006)	(3, 0.00019789227762138006)	(4, 0.00019789227762138006)	(5, 0.00019789227762138006)	(6, 0.00022616260299586293)	(7, 0.00022616260299586293)	(8, 0.0002544329283703458)	(9, 0.0002544329283703458)	(10, 0.0002685680910575872)	(12, 0.00031804116046293225)	(14, 0.00036044664852465655)	(16, 0.0003887169738991394)	(18, 0.0003957845552427601)	(20, 0.0004169872992736222)	(22, 0.00043819004330448443)	(24, 0.000473527950022588)	(26, 0.0004947306940534501)	(28, 0.0005230010194279329)	(30, 0.0005724740888332781)	(32, 0.0007350284597365545)	(34, 0.0009823938067632797)	(36, 0.001095475108261211)	(38, 0.0013287052926006947)	(40, 0.0016396788717200062)	(42, 0.001985990357557421)	(44, 0.0025372617023598372)	(46, 0.0032722901620963916)	(48, 0.0042476163875160506)	(50, 0.0055197810293677796)	(52, 0.007392690085427269)	(54, 0.009626045790011415)	(56, 0.012495483815521426)	(58, 0.015654692676119887)	(60, 0.01991644422632318)	(62, 0.025839077392277338)	(64, 0.032461401111249955)	(66, 0.03978341538324101)	(68, 0.04887232499113725)	(70, 0.05871746580280091)	(72, 0.06977823060556733)	(74, 0.08275430995245497)	(76, 0.0976739741688383)	(78, 0.11361137009870301)	(80, 0.13130859378312928)	(82, 0.15105541605720557)	(84, 0.17300732371049152)	(86, 0.19696642446536575)	(88, 0.2237313550136574)	(90, 0.2521147616896382)	(92, 0.2830919707187278)	(94, 0.3175464297688788)	(96, 0.352686444209361)	(98, 0.3915157361112132)	(100, 0.43200590962881624)	(102, 0.47559875135626883)	(104, 0.5222377206428219)	(106, 0.5710888428899283)	(108, 0.6233324041819728)	(110, 0.6800214741391545)	(112, 0.7404563622084552)	(114, 0.8047148117846548)	(116, 0.8753482197328002)	(118, 0.9505614203916118)	(120, 1.0296335204640403)	(122, 1.11438795593674)	(124, 1.2074538670695376)	(126, 1.3052479901212175)	(128, 1.4092474495925962)	(130, 1.5193532993448635)	(132, 1.6372405561564571)	(134, 1.7642096549946031)	(136, 1.900932016086946)	(138, 2.046495921440158)
HNF4_R2_MKRN250011212-1A_22MVT7LT4_L4_1 - illumina_universal_adapter	(1, 0.00016360528854701174)	(2, 0.00016360528854701174)	(3, 0.00017572419880975334)	(4, 0.00018784310907249497)	(5, 0.00019996201933523657)	(6, 0.00020602147446660739)	(7, 0.00021208092959797817)	(8, 0.0002423782052548322)	(9, 0.0002544971155175738)	(10, 0.00027267548091168623)	(12, 0.00028176466360874244)	(14, 0.0003120619392655965)	(16, 0.00033327003222539427)	(18, 0.0003362997597910797)	(20, 0.0003544781251851921)	(22, 0.0003968943111047877)	(24, 0.0004453699521557542)	(26, 0.0004696077726812374)	(28, 0.0005059645034694623)	(30, 0.0005574698720861142)	(32, 0.0006816887022792156)	(34, 0.0008513534459575981)	(36, 0.0010210181896359808)	(38, 0.001227039664102588)	(40, 0.0014875962347515328)	(42, 0.0018390446323710394)	(44, 0.0022298794883444566)	(46, 0.0027358439918139183)	(48, 0.003635673078822483)	(50, 0.0050081396660779706)	(52, 0.006729024923387279)	(54, 0.008880131495023915)	(56, 0.011388745919411428)	(58, 0.014745684062190855)	(60, 0.019247859224799362)	(62, 0.02481043903539776)	(64, 0.030633575416645104)	(66, 0.0373807787054265)	(68, 0.0455368053122516)	(70, 0.05516830924356549)	(72, 0.06611471493838686)	(74, 0.07812152528119812)	(76, 0.0913008401919296)	(78, 0.10650098338897326)	(80, 0.12344019020872037)	(82, 0.1420245390966346)	(84, 0.16347198053412157)	(86, 0.18694933944061776)	(88, 0.21158708400477144)	(90, 0.23869405653495873)	(92, 0.2682490489382199)	(94, 0.3005247366954664)	(96, 0.3341032073059578)	(98, 0.37004486541768367)	(100, 0.4086496540596471)	(102, 0.45104463188628297)	(104, 0.4962148401630866)	(106, 0.5429998932324006)	(108, 0.5934297085632341)	(110, 0.6465802192480532)	(112, 0.7043722725635022)	(114, 0.7659575447911894)	(116, 0.8333023291212445)	(118, 0.9046554430207014)	(120, 0.9807803778361128)	(122, 1.062801162494348)	(124, 1.1517842610985283)	(126, 1.245308921323671)	(128, 1.3435751051891114)	(130, 1.449600421350272)	(132, 1.5631091645986754)	(134, 1.6856313473549933)	(136, 1.8171003156127798)	(138, 1.955192268329155)
HNF4_R2_MKRN250011212-1A_22MVT7LT4_L4_2 - illumina_universal_adapter	(1, 0.00017572419880975334)	(2, 0.00017572419880975334)	(3, 0.00018784310907249497)	(4, 0.00020602147446660739)	(5, 0.000218140384729349)	(6, 0.0002241998398607198)	(7, 0.0002302592949920906)	(8, 0.0002302592949920906)	(9, 0.0002423782052548322)	(10, 0.0002544971155175738)	(12, 0.00025752684308325924)	(14, 0.00029388357387148407)	(16, 0.0003362997597910797)	(18, 0.0003423592149224505)	(20, 0.0003605375803165629)	(22, 0.00039386458353910236)	(24, 0.00043022131432732713)	(26, 0.0004574888624184958)	(28, 0.0005089942310351476)	(30, 0.0005756482374802265)	(32, 0.0007089562503703842)	(34, 0.000872561538917396)	(36, 0.0010179884620702953)	(38, 0.0011937126608800486)	(40, 0.001466388141791735)	(42, 0.0018632824528965225)	(44, 0.002266236219132681)	(46, 0.0028206763636531096)	(48, 0.0037326243609244157)	(50, 0.005105090948179903)	(52, 0.006856273481146065)	(54, 0.009034647600873871)	(56, 0.01155235120795844)	(58, 0.01495170553665746)	(60, 0.019472059064660083)	(62, 0.02502857942012711)	(64, 0.030863834711637197)	(66, 0.03769587037225778)	(68, 0.04593369962335639)	(70, 0.05559247110276146)	(72, 0.06661764971429063)	(74, 0.07867899515328422)	(76, 0.09195223161855197)	(78, 0.10703724516809959)	(80, 0.12400674926350352)	(82, 0.14253050360010405)	(84, 0.16396885585489399)	(86, 0.1873553229344196)	(88, 0.21216576196981737)	(90, 0.23948481542960265)	(92, 0.2690882834739147)	(94, 0.30152454679214263)	(96, 0.3354574955278191)	(98, 0.3713749158190196)	(100, 0.4098918423615781)	(102, 0.45218077972341497)	(104, 0.49729342317647063)	(106, 0.5442390518067659)	(108, 0.5945900942208916)	(110, 0.6474588402421019)	(112, 0.7051024369068324)	(114, 0.7665119849357098)	(116, 0.8335871235124189)	(118, 0.9047099781168837)	(120, 0.9802138187813296)	(122, 1.0615165580064976)	(124, 1.1496998085333368)	(126, 1.242188301931015)	(128, 1.339294100138798)	(130, 1.444101465818553)	(132, 1.5563377234893687)	(134, 1.6777692043220398)	(136, 1.80825957057611)	(138, 1.945339594285546)
HNF4_R3_MKRN250011217-1A_22MVT7LT4_L4_1 - illumina_universal_adapter	(1, 1.719164580567896e-05)	(2, 2.1489557257098698e-05)	(3, 3.868120306277766e-05)	(4, 5.1574937417036876e-05)	(5, 5.1574937417036876e-05)	(6, 6.0170760319876355e-05)	(7, 6.0170760319876355e-05)	(8, 6.0170760319876355e-05)	(9, 6.44686717712961e-05)	(10, 8.595822902839479e-05)	(12, 9.885196338265401e-05)	(14, 0.00010959674201120336)	(16, 0.00012034152063975271)	(18, 0.00013323525499401193)	(20, 0.0001633206351539501)	(22, 0.00019125705958817843)	(24, 0.0002062997496681475)	(26, 0.00023208721837666594)	(28, 0.000264321554262314)	(30, 0.00030515171305080154)	(32, 0.00033093918175932)	(34, 0.0003739182962735174)	(36, 0.00042979114514197397)	(38, 0.0005050045955418195)	(40, 0.0006210482047301524)	(42, 0.0007736240612555532)	(44, 0.0009799238109237008)	(46, 0.0012678838781688233)	(48, 0.0017406541378249946)	(50, 0.002391787722715085)	(52, 0.0032857533046103914)	(54, 0.0043989123705281035)	(56, 0.0057140732746625445)	(58, 0.007540685641515934)	(60, 0.009451107281672009)	(62, 0.011520551645530612)	(64, 0.014127234940816684)	(66, 0.017002537701816492)	(68, 0.020614932276734783)	(70, 0.02459479828074946)	(72, 0.029083966791757378)	(74, 0.03400722435935869)	(76, 0.039237782595736515)	(78, 0.04520543264603282)	(80, 0.05202192020798453)	(82, 0.059356306099832314)	(84, 0.06760614713083252)	(86, 0.07641686560624297)	(88, 0.08592384573678344)	(90, 0.09640215385534476)	(92, 0.10852226414834842)	(94, 0.12187157711645814)	(96, 0.13615783478097737)	(98, 0.15172916796947108)	(100, 0.16925390191263506)	(102, 0.18830869233250447)	(104, 0.20925241483527288)	(106, 0.23165312932007254)	(108, 0.2564864616863758)	(110, 0.2830647461019555)	(112, 0.312421630270878)	(114, 0.3435922330722997)	(116, 0.3781775265218743)	(118, 0.415865912039374)	(120, 0.4562318963911082)	(122, 0.4990047111556375)	(124, 0.5449472356155888)	(126, 0.5935286777067119)	(128, 0.6446802708457838)	(130, 0.6997257717598422)	(132, 0.7577647679998143)	(134, 0.8201038246469319)	(136, 0.8868417936645776)	(138, 0.9578669293550146)
HNF4_R3_MKRN250011217-1A_22MVT7LT4_L4_2 - illumina_universal_adapter	(1, 1.719164580567896e-05)	(2, 2.1489557257098698e-05)	(3, 3.868120306277766e-05)	(4, 5.1574937417036876e-05)	(5, 5.1574937417036876e-05)	(6, 5.5872848868456616e-05)	(7, 5.5872848868456616e-05)	(8, 5.5872848868456616e-05)	(9, 6.0170760319876355e-05)	(10, 7.736240612555531e-05)	(12, 8.166031757697505e-05)	(14, 0.00010100091910836388)	(16, 0.00012034152063975271)	(18, 0.0001289373435425922)	(20, 0.00015257585652540074)	(22, 0.00017406541378249947)	(24, 0.00019125705958817843)	(26, 0.0002084487053938574)	(28, 0.0002578746870851844)	(30, 0.0003653224733706779)	(32, 0.0004061526321591654)	(34, 0.0004534296581247825)	(36, 0.0005329410199760477)	(38, 0.0006124523818273129)	(40, 0.0007284959910156459)	(42, 0.0008810718475410467)	(44, 0.0010938184643863238)	(46, 0.001403268088888545)	(48, 0.0018717404370932967)	(50, 0.0025314698448862267)	(52, 0.0034275843825072425)	(54, 0.0045579350942306345)	(56, 0.0058816918212679144)	(58, 0.007729793745378402)	(60, 0.009685343455774383)	(62, 0.01174619199673015)	(64, 0.014314194088953444)	(66, 0.017137921912536214)	(68, 0.02077610395616302)	(70, 0.02477316160598338)	(72, 0.02925803220553988)	(74, 0.034260801134992455)	(76, 0.0394741677255646)	(78, 0.045366604325461066)	(80, 0.052206730400395585)	(82, 0.05951962673498627)	(84, 0.06771789282856942)	(86, 0.07644695098640292)	(88, 0.08590235617952634)	(90, 0.09629685502478498)	(92, 0.10826868737271467)	(94, 0.1215127015102646)	(96, 0.1358182997763152)	(98, 0.15122416337392924)	(100, 0.16852970383307087)	(102, 0.18738249241472352)	(104, 0.20807693605330957)	(106, 0.2301617540464299)	(108, 0.254588933780574)	(110, 0.28089859873043993)	(112, 0.3099782676107459)	(114, 0.3408759530350024)	(116, 0.3749390502432296)	(118, 0.4119010887254393)	(120, 0.45174702579155174)	(122, 0.49366455617724847)	(124, 0.5387367535682872)	(126, 0.5862351219736526)	(128, 0.636376705921641)	(130, 0.690283260301073)	(132, 0.7472563745010931)	(134, 0.8083468878715732)	(136, 0.8737503553835532)	(138, 0.9435333946645297)
