Sample	0	1	2	3	4	5	6	7	8	9	10	11	12	13	14	15	16	17	18	19	20	21	22	23	24	25	26	27
GFP_R1_MKRN250011206-1A_22MGWFLT4_L3_1	(17.0, 7.0)	(18.0, 128.0)	(19.0, 619.0)	(20.0, 2226.0)	(21.0, 5802.0)	(22.0, 9706.0)	(23.0, 9204.0)	(24.0, 7622.0)	(25.0, 6107.0)	(26.0, 5613.0)	(27.0, 5665.0)	(28.0, 6243.0)	(29.0, 7132.0)	(30.0, 8745.0)	(31.0, 10460.0)	(32.0, 13832.0)	(33.0, 18448.0)	(34.0, 27741.0)	(35.0, 43447.0)	(36.0, 81313.0)	(37.0, 161024.0)	(38.0, 454181.0)	(39.0, 3983690.0)	(40.0, 1989068.0)				
GFP_R1_MKRN250011206-1A_22MGWFLT4_L3_2	(14.0, 1.0)	(15.0, 7.0)	(16.0, 115.0)	(17.0, 567.0)	(18.0, 1331.0)	(19.0, 2613.0)	(20.0, 6097.0)	(21.0, 9723.0)	(22.0, 8874.0)	(23.0, 6596.0)	(24.0, 5551.0)	(25.0, 5075.0)	(26.0, 5090.0)	(27.0, 5272.0)	(28.0, 6145.0)	(29.0, 6982.0)	(30.0, 8476.0)	(31.0, 10544.0)	(32.0, 13835.0)	(33.0, 18620.0)	(34.0, 27532.0)	(35.0, 42757.0)	(36.0, 82658.0)	(37.0, 168093.0)	(38.0, 505174.0)	(39.0, 4258416.0)	(40.0, 1651879.0)	
GFP_R1_MKRN250011206-1A_22MVT7LT4_L4_1	(16.0, 1.0)	(17.0, 29.0)	(18.0, 258.0)	(19.0, 1658.0)	(20.0, 7430.0)	(21.0, 19902.0)	(22.0, 25881.0)	(23.0, 18743.0)	(24.0, 15258.0)	(25.0, 13821.0)	(26.0, 15270.0)	(27.0, 16613.0)	(28.0, 19889.0)	(29.0, 23283.0)	(30.0, 29865.0)	(31.0, 37710.0)	(32.0, 51164.0)	(33.0, 69773.0)	(34.0, 108053.0)	(35.0, 176579.0)	(36.0, 352157.0)	(37.0, 729328.0)	(38.0, 2133583.0)	(39.0, 8362416.0)	(40.0, 2197316.0)			
GFP_R1_MKRN250011206-1A_22MVT7LT4_L4_2	(14.0, 4.0)	(15.0, 25.0)	(16.0, 243.0)	(17.0, 1243.0)	(18.0, 3302.0)	(19.0, 8311.0)	(20.0, 19631.0)	(21.0, 26549.0)	(22.0, 20339.0)	(23.0, 13863.0)	(24.0, 13206.0)	(25.0, 13365.0)	(26.0, 15498.0)	(27.0, 17634.0)	(28.0, 21552.0)	(29.0, 26327.0)	(30.0, 34555.0)	(31.0, 44416.0)	(32.0, 62424.0)	(33.0, 87176.0)	(34.0, 135053.0)	(35.0, 219145.0)	(36.0, 433380.0)	(37.0, 926188.0)	(38.0, 2594690.0)	(39.0, 8188495.0)	(40.0, 1499366.0)	
GFP_R2_MKRN250011211-1A_22MGWFLT4_L3_1	(16.0, 1.0)	(17.0, 9.0)	(18.0, 64.0)	(19.0, 386.0)	(20.0, 1640.0)	(21.0, 4884.0)	(22.0, 8423.0)	(23.0, 8183.0)	(24.0, 6622.0)	(25.0, 5337.0)	(26.0, 5114.0)	(27.0, 4893.0)	(28.0, 5668.0)	(29.0, 6244.0)	(30.0, 7820.0)	(31.0, 9559.0)	(32.0, 12884.0)	(33.0, 17980.0)	(34.0, 27309.0)	(35.0, 42578.0)	(36.0, 78353.0)	(37.0, 154969.0)	(38.0, 435228.0)	(39.0, 3825289.0)	(40.0, 1857217.0)			
GFP_R2_MKRN250011211-1A_22MGWFLT4_L3_2	(13.0, 1.0)	(14.0, 2.0)	(15.0, 15.0)	(16.0, 142.0)	(17.0, 506.0)	(18.0, 1123.0)	(19.0, 2131.0)	(20.0, 5133.0)	(21.0, 8220.0)	(22.0, 8106.0)	(23.0, 5948.0)	(24.0, 5075.0)	(25.0, 4613.0)	(26.0, 4746.0)	(27.0, 4792.0)	(28.0, 5498.0)	(29.0, 6408.0)	(30.0, 8108.0)	(31.0, 9593.0)	(32.0, 12672.0)	(33.0, 16589.0)	(34.0, 25095.0)	(35.0, 40631.0)	(36.0, 79713.0)	(37.0, 164494.0)	(38.0, 500762.0)	(39.0, 4061781.0)	(40.0, 1544757.0)
GFP_R2_MKRN250011211-1A_22MVT7LT4_L4_1	(16.0, 1.0)	(17.0, 11.0)	(18.0, 195.0)	(19.0, 1099.0)	(20.0, 5400.0)	(21.0, 14856.0)	(22.0, 20038.0)	(23.0, 15286.0)	(24.0, 12854.0)	(25.0, 12441.0)	(26.0, 13813.0)	(27.0, 15459.0)	(28.0, 18972.0)	(29.0, 22494.0)	(30.0, 29038.0)	(31.0, 36552.0)	(32.0, 51982.0)	(33.0, 72801.0)	(34.0, 114293.0)	(35.0, 184916.0)	(36.0, 367269.0)	(37.0, 759364.0)	(38.0, 2231739.0)	(39.0, 8774516.0)	(40.0, 2211861.0)			
GFP_R2_MKRN250011211-1A_22MVT7LT4_L4_2	(14.0, 6.0)	(15.0, 30.0)	(16.0, 306.0)	(17.0, 1272.0)	(18.0, 2980.0)	(19.0, 6387.0)	(20.0, 14847.0)	(21.0, 21269.0)	(22.0, 17437.0)	(23.0, 12883.0)	(24.0, 12412.0)	(25.0, 13019.0)	(26.0, 15107.0)	(27.0, 17230.0)	(28.0, 21769.0)	(29.0, 26489.0)	(30.0, 35115.0)	(31.0, 44985.0)	(32.0, 63379.0)	(33.0, 89254.0)	(34.0, 139137.0)	(35.0, 230077.0)	(36.0, 460380.0)	(37.0, 990537.0)	(38.0, 2760172.0)	(39.0, 8463621.0)	(40.0, 1527150.0)	
GFP_R3_MKRN250011216-1A_22MVT7LT4_L4_1	(16.0, 3.0)	(17.0, 62.0)	(18.0, 772.0)	(19.0, 4884.0)	(20.0, 23921.0)	(21.0, 64181.0)	(22.0, 83789.0)	(23.0, 61127.0)	(24.0, 49347.0)	(25.0, 45797.0)	(26.0, 50366.0)	(27.0, 55585.0)	(28.0, 66759.0)	(29.0, 79434.0)	(30.0, 102387.0)	(31.0, 129038.0)	(32.0, 177324.0)	(33.0, 241129.0)	(34.0, 374697.0)	(35.0, 620544.0)	(36.0, 1247175.0)	(37.0, 2608194.0)	(38.0, 7613051.0)	(39.0, 28543593.0)	(40.0, 6938156.0)			
GFP_R3_MKRN250011216-1A_22MVT7LT4_L4_2	(14.0, 7.0)	(15.0, 82.0)	(16.0, 804.0)	(17.0, 3875.0)	(18.0, 10386.0)	(19.0, 25898.0)	(20.0, 63203.0)	(21.0, 85195.0)	(22.0, 66544.0)	(23.0, 45858.0)	(24.0, 43967.0)	(25.0, 45244.0)	(26.0, 52391.0)	(27.0, 60053.0)	(28.0, 74528.0)	(29.0, 91217.0)	(30.0, 119934.0)	(31.0, 154410.0)	(32.0, 215887.0)	(33.0, 300650.0)	(34.0, 470907.0)	(35.0, 780112.0)	(36.0, 1554153.0)	(37.0, 3332826.0)	(38.0, 9175557.0)	(39.0, 27638825.0)	(40.0, 4768802.0)	
HNF4_FOXF_R1_MKRN250011210-1A_22MGWFLT4_L3_1	(16.0, 1.0)	(17.0, 9.0)	(18.0, 101.0)	(19.0, 504.0)	(20.0, 1848.0)	(21.0, 4849.0)	(22.0, 8171.0)	(23.0, 8029.0)	(24.0, 6659.0)	(25.0, 5256.0)	(26.0, 5053.0)	(27.0, 5047.0)	(28.0, 5562.0)	(29.0, 6434.0)	(30.0, 7728.0)	(31.0, 9279.0)	(32.0, 12461.0)	(33.0, 16446.0)	(34.0, 24709.0)	(35.0, 38186.0)	(36.0, 72300.0)	(37.0, 141464.0)	(38.0, 401009.0)	(39.0, 3462414.0)	(40.0, 1581787.0)			
HNF4_FOXF_R1_MKRN250011210-1A_22MGWFLT4_L3_2	(13.0, 1.0)	(14.0, 4.0)	(15.0, 19.0)	(16.0, 120.0)	(17.0, 383.0)	(18.0, 981.0)	(19.0, 2078.0)	(20.0, 4919.0)	(21.0, 7968.0)	(22.0, 7559.0)	(23.0, 5437.0)	(24.0, 4817.0)	(25.0, 4240.0)	(26.0, 4201.0)	(27.0, 4447.0)	(28.0, 4983.0)	(29.0, 5683.0)	(30.0, 7004.0)	(31.0, 8333.0)	(32.0, 10902.0)	(33.0, 14283.0)	(34.0, 21447.0)	(35.0, 34625.0)	(36.0, 68504.0)	(37.0, 143728.0)	(38.0, 443733.0)	(39.0, 3663484.0)	(40.0, 1351423.0)
HNF4_FOXF_R1_MKRN250011210-1A_22MVT7LT4_L4_1	(16.0, 1.0)	(17.0, 29.0)	(18.0, 328.0)	(19.0, 1655.0)	(20.0, 7038.0)	(21.0, 17800.0)	(22.0, 23246.0)	(23.0, 17922.0)	(24.0, 15293.0)	(25.0, 14381.0)	(26.0, 16118.0)	(27.0, 18055.0)	(28.0, 21481.0)	(29.0, 25213.0)	(30.0, 32462.0)	(31.0, 40554.0)	(32.0, 55736.0)	(33.0, 75418.0)	(34.0, 116459.0)	(35.0, 191235.0)	(36.0, 380899.0)	(37.0, 791899.0)	(38.0, 2315014.0)	(39.0, 8811643.0)	(40.0, 2105742.0)			
HNF4_FOXF_R1_MKRN250011210-1A_22MVT7LT4_L4_2	(14.0, 6.0)	(15.0, 36.0)	(16.0, 257.0)	(17.0, 1079.0)	(18.0, 3021.0)	(19.0, 7191.0)	(20.0, 16455.0)	(21.0, 22827.0)	(22.0, 18881.0)	(23.0, 13769.0)	(24.0, 13454.0)	(25.0, 13661.0)	(26.0, 15763.0)	(27.0, 17891.0)	(28.0, 22404.0)	(29.0, 26822.0)	(30.0, 35252.0)	(31.0, 45231.0)	(32.0, 63049.0)	(33.0, 87482.0)	(34.0, 137266.0)	(35.0, 226701.0)	(36.0, 453858.0)	(37.0, 987726.0)	(38.0, 2796340.0)	(39.0, 8638806.0)	(40.0, 1430393.0)	
HNF4_FOXF_R2_MKRN250011215-1A_22MVT7LT4_L4_1	(16.0, 1.0)	(17.0, 53.0)	(18.0, 707.0)	(19.0, 3920.0)	(20.0, 17335.0)	(21.0, 44422.0)	(22.0, 57849.0)	(23.0, 44178.0)	(24.0, 37375.0)	(25.0, 36103.0)	(26.0, 40557.0)	(27.0, 44341.0)	(28.0, 54101.0)	(29.0, 64469.0)	(30.0, 83212.0)	(31.0, 105375.0)	(32.0, 146939.0)	(33.0, 203951.0)	(34.0, 321130.0)	(35.0, 536433.0)	(36.0, 1088106.0)	(37.0, 2251636.0)	(38.0, 6336886.0)	(39.0, 21233005.0)	(40.0, 4630869.0)			
HNF4_FOXF_R2_MKRN250011215-1A_22MVT7LT4_L4_2	(14.0, 13.0)	(15.0, 121.0)	(16.0, 863.0)	(17.0, 3549.0)	(18.0, 9681.0)	(19.0, 21562.0)	(20.0, 46886.0)	(21.0, 61885.0)	(22.0, 51460.0)	(23.0, 38283.0)	(24.0, 38074.0)	(25.0, 40144.0)	(26.0, 46581.0)	(27.0, 53985.0)	(28.0, 67477.0)	(29.0, 83265.0)	(30.0, 110029.0)	(31.0, 142681.0)	(32.0, 201133.0)	(33.0, 279263.0)	(34.0, 435669.0)	(35.0, 718457.0)	(36.0, 1419087.0)	(37.0, 2957123.0)	(38.0, 7577467.0)	(39.0, 19944609.0)	(40.0, 3033606.0)	
HNF4_FOXF_R3_MKRN250011220-1A_22MVT7LT4_L3_1	(16.0, 3.0)	(17.0, 43.0)	(18.0, 527.0)	(19.0, 2912.0)	(20.0, 12280.0)	(21.0, 33130.0)	(22.0, 43821.0)	(23.0, 34619.0)	(24.0, 30298.0)	(25.0, 29525.0)	(26.0, 32663.0)	(27.0, 36052.0)	(28.0, 43489.0)	(29.0, 51881.0)	(30.0, 67452.0)	(31.0, 85638.0)	(32.0, 119033.0)	(33.0, 163870.0)	(34.0, 256802.0)	(35.0, 428090.0)	(36.0, 853831.0)	(37.0, 1745725.0)	(38.0, 4993845.0)	(39.0, 18183092.0)	(40.0, 4256359.0)			
HNF4_FOXF_R3_MKRN250011220-1A_22MVT7LT4_L3_2	(14.0, 11.0)	(15.0, 82.0)	(16.0, 601.0)	(17.0, 2631.0)	(18.0, 7136.0)	(19.0, 16301.0)	(20.0, 34141.0)	(21.0, 44752.0)	(22.0, 37647.0)	(23.0, 28836.0)	(24.0, 28917.0)	(25.0, 30078.0)	(26.0, 34354.0)	(27.0, 38589.0)	(28.0, 47486.0)	(29.0, 57254.0)	(30.0, 74047.0)	(31.0, 95443.0)	(32.0, 132589.0)	(33.0, 184284.0)	(34.0, 291833.0)	(35.0, 482349.0)	(36.0, 964135.0)	(37.0, 2063588.0)	(38.0, 5715143.0)	(39.0, 18047219.0)	(40.0, 3045534.0)	
HNF4_GFP_R1_MKRN250011208-1A_22MGWFLT4_L3_1	(17.0, 14.0)	(18.0, 94.0)	(19.0, 535.0)	(20.0, 2004.0)	(21.0, 5660.0)	(22.0, 9577.0)	(23.0, 9303.0)	(24.0, 7504.0)	(25.0, 5823.0)	(26.0, 5452.0)	(27.0, 5351.0)	(28.0, 5968.0)	(29.0, 6768.0)	(30.0, 8236.0)	(31.0, 9733.0)	(32.0, 13030.0)	(33.0, 17596.0)	(34.0, 26631.0)	(35.0, 41891.0)	(36.0, 79623.0)	(37.0, 157412.0)	(38.0, 447713.0)	(39.0, 3837663.0)	(40.0, 1746042.0)				
HNF4_GFP_R1_MKRN250011208-1A_22MGWFLT4_L3_2	(13.0, 1.0)	(14.0, 5.0)	(15.0, 19.0)	(16.0, 137.0)	(17.0, 673.0)	(18.0, 1305.0)	(19.0, 2629.0)	(20.0, 5985.0)	(21.0, 9576.0)	(22.0, 8869.0)	(23.0, 6453.0)	(24.0, 5523.0)	(25.0, 4880.0)	(26.0, 5104.0)	(27.0, 5233.0)	(28.0, 5995.0)	(29.0, 6712.0)	(30.0, 8190.0)	(31.0, 9976.0)	(32.0, 12987.0)	(33.0, 16978.0)	(34.0, 25573.0)	(35.0, 40897.0)	(36.0, 80722.0)	(37.0, 170743.0)	(38.0, 515029.0)	(39.0, 4067187.0)	(40.0, 1432242.0)
HNF4_GFP_R1_MKRN250011208-1A_22MVT7LT4_L4_1	(16.0, 1.0)	(17.0, 16.0)	(18.0, 228.0)	(19.0, 1447.0)	(20.0, 7166.0)	(21.0, 19231.0)	(22.0, 25504.0)	(23.0, 19267.0)	(24.0, 15680.0)	(25.0, 14662.0)	(26.0, 16394.0)	(27.0, 18307.0)	(28.0, 21805.0)	(29.0, 25933.0)	(30.0, 33597.0)	(31.0, 42449.0)	(32.0, 57888.0)	(33.0, 79929.0)	(34.0, 124821.0)	(35.0, 205116.0)	(36.0, 411909.0)	(37.0, 859550.0)	(38.0, 2492918.0)	(39.0, 9286104.0)	(40.0, 2207773.0)			
HNF4_GFP_R1_MKRN250011208-1A_22MVT7LT4_L4_2	(14.0, 4.0)	(15.0, 43.0)	(16.0, 389.0)	(17.0, 1669.0)	(18.0, 3824.0)	(19.0, 8581.0)	(20.0, 19506.0)	(21.0, 26046.0)	(22.0, 21490.0)	(23.0, 15357.0)	(24.0, 14929.0)	(25.0, 15542.0)	(26.0, 17737.0)	(27.0, 20343.0)	(28.0, 25237.0)	(29.0, 31010.0)	(30.0, 40599.0)	(31.0, 52136.0)	(32.0, 73004.0)	(33.0, 101337.0)	(34.0, 159256.0)	(35.0, 262468.0)	(36.0, 524802.0)	(37.0, 1119462.0)	(38.0, 3041857.0)	(39.0, 8914047.0)	(40.0, 1477020.0)	
HNF4_GFP_R2_MKRN250011213-1A_22MGWFLT4_L3_1	(16.0, 1.0)	(17.0, 7.0)	(18.0, 75.0)	(19.0, 413.0)	(20.0, 1685.0)	(21.0, 4800.0)	(22.0, 8235.0)	(23.0, 7744.0)	(24.0, 6908.0)	(25.0, 5761.0)	(26.0, 5529.0)	(27.0, 5660.0)	(28.0, 6550.0)	(29.0, 7239.0)	(30.0, 8948.0)	(31.0, 10873.0)	(32.0, 14480.0)	(33.0, 19619.0)	(34.0, 29446.0)	(35.0, 46244.0)	(36.0, 88021.0)	(37.0, 175400.0)	(38.0, 503595.0)	(39.0, 4327719.0)	(40.0, 2063294.0)			
HNF4_GFP_R2_MKRN250011213-1A_22MGWFLT4_L3_2	(14.0, 2.0)	(15.0, 20.0)	(16.0, 174.0)	(17.0, 840.0)	(18.0, 1952.0)	(19.0, 3092.0)	(20.0, 6015.0)	(21.0, 8990.0)	(22.0, 8437.0)	(23.0, 6607.0)	(24.0, 5949.0)	(25.0, 5685.0)	(26.0, 6081.0)	(27.0, 6378.0)	(28.0, 7300.0)	(29.0, 8545.0)	(30.0, 10383.0)	(31.0, 12508.0)	(32.0, 16396.0)	(33.0, 21998.0)	(34.0, 32881.0)	(35.0, 51619.0)	(36.0, 99431.0)	(37.0, 202502.0)	(38.0, 602419.0)	(39.0, 4595513.0)	(40.0, 1626529.0)	
HNF4_GFP_R2_MKRN250011213-1A_22MVT7LT4_L4_1	(17.0, 12.0)	(18.0, 151.0)	(19.0, 1016.0)	(20.0, 4856.0)	(21.0, 13315.0)	(22.0, 17852.0)	(23.0, 14459.0)	(24.0, 12696.0)	(25.0, 12439.0)	(26.0, 13877.0)	(27.0, 15762.0)	(28.0, 19172.0)	(29.0, 22618.0)	(30.0, 29298.0)	(31.0, 36885.0)	(32.0, 51121.0)	(33.0, 70254.0)	(34.0, 110226.0)	(35.0, 180370.0)	(36.0, 362383.0)	(37.0, 754099.0)	(38.0, 2179492.0)	(39.0, 8323157.0)	(40.0, 2109086.0)				
HNF4_GFP_R2_MKRN250011213-1A_22MVT7LT4_L4_2	(14.0, 3.0)	(15.0, 37.0)	(16.0, 435.0)	(17.0, 1856.0)	(18.0, 4113.0)	(19.0, 7678.0)	(20.0, 15591.0)	(21.0, 20891.0)	(22.0, 18597.0)	(23.0, 14367.0)	(24.0, 14488.0)	(25.0, 15585.0)	(26.0, 17946.0)	(27.0, 20531.0)	(28.0, 25837.0)	(29.0, 30869.0)	(30.0, 40354.0)	(31.0, 51892.0)	(32.0, 72157.0)	(33.0, 99765.0)	(34.0, 154453.0)	(35.0, 249868.0)	(36.0, 487960.0)	(37.0, 1013165.0)	(38.0, 2670483.0)	(39.0, 7906422.0)	(40.0, 1399253.0)	
HNF4_GFP_R3_MKRN250011218-1A_22MVT7LT4_L4_1	(16.0, 1.0)	(17.0, 85.0)	(18.0, 1066.0)	(19.0, 7193.0)	(20.0, 36879.0)	(21.0, 100844.0)	(22.0, 126561.0)	(23.0, 88009.0)	(24.0, 68150.0)	(25.0, 61350.0)	(26.0, 66305.0)	(27.0, 73363.0)	(28.0, 89103.0)	(29.0, 105821.0)	(30.0, 135903.0)	(31.0, 171430.0)	(32.0, 236506.0)	(33.0, 324914.0)	(34.0, 504577.0)	(35.0, 836735.0)	(36.0, 1692455.0)	(37.0, 3554146.0)	(38.0, 10441898.0)	(39.0, 39440870.0)	(40.0, 9486574.0)			
HNF4_GFP_R3_MKRN250011218-1A_22MVT7LT4_L4_2	(14.0, 12.0)	(15.0, 103.0)	(16.0, 898.0)	(17.0, 4368.0)	(18.0, 13297.0)	(19.0, 37470.0)	(20.0, 97292.0)	(21.0, 131787.0)	(22.0, 99215.0)	(23.0, 64617.0)	(24.0, 59531.0)	(25.0, 60337.0)	(26.0, 69557.0)	(27.0, 80341.0)	(28.0, 100278.0)	(29.0, 121194.0)	(30.0, 161587.0)	(31.0, 209901.0)	(32.0, 295882.0)	(33.0, 411588.0)	(34.0, 645402.0)	(35.0, 1063989.0)	(36.0, 2121465.0)	(37.0, 4534905.0)	(38.0, 12533804.0)	(39.0, 38026414.0)	(40.0, 6705504.0)	
HNF4_NKX_R1_MKRN250011209-1A_22MGWFLT4_L3_1	(17.0, 9.0)	(18.0, 79.0)	(19.0, 471.0)	(20.0, 2060.0)	(21.0, 6262.0)	(22.0, 10734.0)	(23.0, 10162.0)	(24.0, 7991.0)	(25.0, 6541.0)	(26.0, 6010.0)	(27.0, 5873.0)	(28.0, 6640.0)	(29.0, 7430.0)	(30.0, 9190.0)	(31.0, 11197.0)	(32.0, 15015.0)	(33.0, 19608.0)	(34.0, 30316.0)	(35.0, 47907.0)	(36.0, 92892.0)	(37.0, 187528.0)	(38.0, 540302.0)	(39.0, 4397708.0)	(40.0, 1782867.0)				
HNF4_NKX_R1_MKRN250011209-1A_22MGWFLT4_L3_2	(14.0, 1.0)	(15.0, 14.0)	(16.0, 169.0)	(17.0, 570.0)	(18.0, 1398.0)	(19.0, 2700.0)	(20.0, 6275.0)	(21.0, 10715.0)	(22.0, 10033.0)	(23.0, 7401.0)	(24.0, 6223.0)	(25.0, 5446.0)	(26.0, 5601.0)	(27.0, 5874.0)	(28.0, 6693.0)	(29.0, 7547.0)	(30.0, 9380.0)	(31.0, 11101.0)	(32.0, 14774.0)	(33.0, 19457.0)	(34.0, 29234.0)	(35.0, 47512.0)	(36.0, 94488.0)	(37.0, 197650.0)	(38.0, 605083.0)	(39.0, 4590663.0)	(40.0, 1508790.0)	
HNF4_NKX_R1_MKRN250011209-1A_22MVT7LT4_L4_1	(16.0, 1.0)	(17.0, 23.0)	(18.0, 232.0)	(19.0, 1358.0)	(20.0, 7134.0)	(21.0, 19448.0)	(22.0, 25828.0)	(23.0, 19050.0)	(24.0, 16004.0)	(25.0, 15317.0)	(26.0, 17155.0)	(27.0, 19143.0)	(28.0, 23282.0)	(29.0, 27830.0)	(30.0, 36139.0)	(31.0, 45622.0)	(32.0, 63956.0)	(33.0, 88142.0)	(34.0, 137932.0)	(35.0, 231939.0)	(36.0, 469051.0)	(37.0, 972507.0)	(38.0, 2772763.0)	(39.0, 9516629.0)	(40.0, 2035750.0)			
HNF4_NKX_R1_MKRN250011209-1A_22MVT7LT4_L4_2	(14.0, 8.0)	(15.0, 38.0)	(16.0, 334.0)	(17.0, 1508.0)	(18.0, 3621.0)	(19.0, 8318.0)	(20.0, 19318.0)	(21.0, 26775.0)	(22.0, 22011.0)	(23.0, 16203.0)	(24.0, 15777.0)	(25.0, 16691.0)	(26.0, 19080.0)	(27.0, 21801.0)	(28.0, 27322.0)	(29.0, 33354.0)	(30.0, 43946.0)	(31.0, 57124.0)	(32.0, 79975.0)	(33.0, 111316.0)	(34.0, 175519.0)	(35.0, 290930.0)	(36.0, 582650.0)	(37.0, 1242604.0)	(38.0, 3290664.0)	(39.0, 9045905.0)	(40.0, 1409443.0)	
HNF4_NKX_R2_MKRN250011214-1A_22MVT7LT4_L4_1	(16.0, 7.0)	(17.0, 112.0)	(18.0, 1558.0)	(19.0, 8604.0)	(20.0, 40606.0)	(21.0, 107044.0)	(22.0, 137450.0)	(23.0, 103663.0)	(24.0, 87467.0)	(25.0, 83345.0)	(26.0, 93985.0)	(27.0, 104982.0)	(28.0, 128029.0)	(29.0, 152759.0)	(30.0, 198055.0)	(31.0, 251611.0)	(32.0, 352499.0)	(33.0, 493957.0)	(34.0, 778058.0)	(35.0, 1286335.0)	(36.0, 2561896.0)	(37.0, 5300437.0)	(38.0, 15064304.0)	(39.0, 51019224.0)	(40.0, 10937192.0)			
HNF4_NKX_R2_MKRN250011214-1A_22MVT7LT4_L4_2	(13.0, 2.0)	(14.0, 30.0)	(15.0, 225.0)	(16.0, 1685.0)	(17.0, 7191.0)	(18.0, 18849.0)	(19.0, 44584.0)	(20.0, 106121.0)	(21.0, 144635.0)	(22.0, 117563.0)	(23.0, 85280.0)	(24.0, 83394.0)	(25.0, 87481.0)	(26.0, 102568.0)	(27.0, 118477.0)	(28.0, 148529.0)	(29.0, 182085.0)	(30.0, 241346.0)	(31.0, 314813.0)	(32.0, 442243.0)	(33.0, 614595.0)	(34.0, 967164.0)	(35.0, 1590486.0)	(36.0, 3162290.0)	(37.0, 6688107.0)	(38.0, 17672140.0)	(39.0, 48716671.0)	(40.0, 7634625.0)
HNF4_NKX_R3_MKRN250011219-1A_22MVT7LT4_L4_1	(17.0, 23.0)	(18.0, 326.0)	(19.0, 1925.0)	(20.0, 9259.0)	(21.0, 24275.0)	(22.0, 32324.0)	(23.0, 24588.0)	(24.0, 20533.0)	(25.0, 19435.0)	(26.0, 21426.0)	(27.0, 24123.0)	(28.0, 28972.0)	(29.0, 35105.0)	(30.0, 44370.0)	(31.0, 56270.0)	(32.0, 77283.0)	(33.0, 106351.0)	(34.0, 163582.0)	(35.0, 265519.0)	(36.0, 525904.0)	(37.0, 1094308.0)	(38.0, 3265880.0)	(39.0, 13828009.0)	(40.0, 3906749.0)				
HNF4_NKX_R3_MKRN250011219-1A_22MVT7LT4_L4_2	(14.0, 3.0)	(15.0, 36.0)	(16.0, 326.0)	(17.0, 1682.0)	(18.0, 4583.0)	(19.0, 10822.0)	(20.0, 25380.0)	(21.0, 34920.0)	(22.0, 28143.0)	(23.0, 20475.0)	(24.0, 20322.0)	(25.0, 21281.0)	(26.0, 24497.0)	(27.0, 28464.0)	(28.0, 35684.0)	(29.0, 43470.0)	(30.0, 56843.0)	(31.0, 73983.0)	(32.0, 102916.0)	(33.0, 141489.0)	(34.0, 222319.0)	(35.0, 362404.0)	(36.0, 722751.0)	(37.0, 1542208.0)	(38.0, 4271125.0)	(39.0, 13318949.0)	(40.0, 2461464.0)	
HNF4_R1_MKRN250011207-1A_22MGWFLT4_L3_1	(17.0, 12.0)	(18.0, 120.0)	(19.0, 504.0)	(20.0, 2068.0)	(21.0, 5456.0)	(22.0, 8816.0)	(23.0, 8706.0)	(24.0, 7032.0)	(25.0, 5521.0)	(26.0, 5204.0)	(27.0, 5107.0)	(28.0, 5616.0)	(29.0, 6487.0)	(30.0, 7563.0)	(31.0, 9309.0)	(32.0, 12477.0)	(33.0, 16560.0)	(34.0, 24547.0)	(35.0, 38263.0)	(36.0, 70954.0)	(37.0, 139454.0)	(38.0, 393495.0)	(39.0, 3565179.0)	(40.0, 1895121.0)				
HNF4_R1_MKRN250011207-1A_22MGWFLT4_L3_2	(14.0, 2.0)	(15.0, 8.0)	(16.0, 119.0)	(17.0, 526.0)	(18.0, 1284.0)	(19.0, 2395.0)	(20.0, 5614.0)	(21.0, 9116.0)	(22.0, 8606.0)	(23.0, 6201.0)	(24.0, 5188.0)	(25.0, 4620.0)	(26.0, 4635.0)	(27.0, 4868.0)	(28.0, 5591.0)	(29.0, 6272.0)	(30.0, 7859.0)	(31.0, 9287.0)	(32.0, 11914.0)	(33.0, 15741.0)	(34.0, 23084.0)	(35.0, 36979.0)	(36.0, 72988.0)	(37.0, 150850.0)	(38.0, 455648.0)	(39.0, 3857327.0)	(40.0, 1526849.0)	
HNF4_R1_MKRN250011207-1A_22MVT7LT4_L4_1	(16.0, 2.0)	(17.0, 24.0)	(18.0, 258.0)	(19.0, 1459.0)	(20.0, 6750.0)	(21.0, 18257.0)	(22.0, 24060.0)	(23.0, 17877.0)	(24.0, 14487.0)	(25.0, 13236.0)	(26.0, 14679.0)	(27.0, 15993.0)	(28.0, 19477.0)	(29.0, 22758.0)	(30.0, 29270.0)	(31.0, 36665.0)	(32.0, 49994.0)	(33.0, 68521.0)	(34.0, 105429.0)	(35.0, 172112.0)	(36.0, 341030.0)	(37.0, 708447.0)	(38.0, 2103719.0)	(39.0, 8692671.0)	(40.0, 2368667.0)			
HNF4_R1_MKRN250011207-1A_22MVT7LT4_L4_2	(13.0, 1.0)	(14.0, 4.0)	(15.0, 19.0)	(16.0, 250.0)	(17.0, 1278.0)	(18.0, 3377.0)	(19.0, 7497.0)	(20.0, 17813.0)	(21.0, 25129.0)	(22.0, 20196.0)	(23.0, 13843.0)	(24.0, 12743.0)	(25.0, 13094.0)	(26.0, 15199.0)	(27.0, 17312.0)	(28.0, 21626.0)	(29.0, 26061.0)	(30.0, 34007.0)	(31.0, 43627.0)	(32.0, 60228.0)	(33.0, 83664.0)	(34.0, 130701.0)	(35.0, 214999.0)	(36.0, 429059.0)	(37.0, 926832.0)	(38.0, 2627398.0)	(39.0, 8486700.0)	(40.0, 1613185.0)
HNF4_R2_MKRN250011212-1A_22MGWFLT4_L3_1	(16.0, 2.0)	(17.0, 11.0)	(18.0, 119.0)	(19.0, 533.0)	(20.0, 1941.0)	(21.0, 5339.0)	(22.0, 9074.0)	(23.0, 8990.0)	(24.0, 7525.0)	(25.0, 6062.0)	(26.0, 5745.0)	(27.0, 5695.0)	(28.0, 6422.0)	(29.0, 7125.0)	(30.0, 8853.0)	(31.0, 10736.0)	(32.0, 14279.0)	(33.0, 19582.0)	(34.0, 29579.0)	(35.0, 45672.0)	(36.0, 86553.0)	(37.0, 168444.0)	(38.0, 478155.0)	(39.0, 4125582.0)	(40.0, 2022538.0)			
HNF4_R2_MKRN250011212-1A_22MGWFLT4_L3_2	(14.0, 2.0)	(15.0, 20.0)	(16.0, 183.0)	(17.0, 746.0)	(18.0, 1636.0)	(19.0, 2902.0)	(20.0, 5948.0)	(21.0, 9300.0)	(22.0, 8759.0)	(23.0, 6658.0)	(24.0, 5704.0)	(25.0, 5353.0)	(26.0, 5471.0)	(27.0, 5846.0)	(28.0, 6644.0)	(29.0, 7759.0)	(30.0, 9208.0)	(31.0, 11449.0)	(32.0, 14977.0)	(33.0, 19665.0)	(34.0, 29230.0)	(35.0, 46401.0)	(36.0, 90034.0)	(37.0, 185962.0)	(38.0, 556042.0)	(39.0, 4377453.0)	(40.0, 1661204.0)	
HNF4_R2_MKRN250011212-1A_22MVT7LT4_L4_1	(16.0, 2.0)	(17.0, 23.0)	(18.0, 263.0)	(19.0, 1486.0)	(20.0, 7066.0)	(21.0, 18791.0)	(22.0, 25077.0)	(23.0, 19314.0)	(24.0, 15949.0)	(25.0, 15213.0)	(26.0, 16800.0)	(27.0, 18571.0)	(28.0, 22503.0)	(29.0, 26621.0)	(30.0, 34327.0)	(31.0, 43080.0)	(32.0, 59479.0)	(33.0, 81702.0)	(34.0, 127692.0)	(35.0, 208434.0)	(36.0, 411444.0)	(37.0, 849691.0)	(38.0, 2456696.0)	(39.0, 9570126.0)	(40.0, 2472784.0)			
HNF4_R2_MKRN250011212-1A_22MVT7LT4_L4_2	(13.0, 1.0)	(14.0, 2.0)	(15.0, 56.0)	(16.0, 457.0)	(17.0, 2041.0)	(18.0, 4534.0)	(19.0, 9112.0)	(20.0, 19670.0)	(21.0, 26755.0)	(22.0, 22531.0)	(23.0, 16539.0)	(24.0, 16379.0)	(25.0, 16964.0)	(26.0, 19667.0)	(27.0, 22523.0)	(28.0, 27885.0)	(29.0, 33632.0)	(30.0, 43724.0)	(31.0, 55883.0)	(32.0, 77920.0)	(33.0, 107237.0)	(34.0, 166409.0)	(35.0, 269084.0)	(36.0, 527573.0)	(37.0, 1100140.0)	(38.0, 2967069.0)	(39.0, 9266837.0)	(40.0, 1682510.0)
HNF4_R3_MKRN250011217-1A_22MVT7LT4_L4_1	(16.0, 1.0)	(17.0, 30.0)	(18.0, 337.0)	(19.0, 2028.0)	(20.0, 10303.0)	(21.0, 27699.0)	(22.0, 37043.0)	(23.0, 27193.0)	(24.0, 22309.0)	(25.0, 20255.0)	(26.0, 22321.0)	(27.0, 24427.0)	(28.0, 29447.0)	(29.0, 34731.0)	(30.0, 45009.0)	(31.0, 56156.0)	(32.0, 76452.0)	(33.0, 104003.0)	(34.0, 161787.0)	(35.0, 265591.0)	(36.0, 534062.0)	(37.0, 1123947.0)	(38.0, 3350442.0)	(39.0, 13593849.0)	(40.0, 3697693.0)			
HNF4_R3_MKRN250011217-1A_22MVT7LT4_L4_2	(14.0, 6.0)	(15.0, 45.0)	(16.0, 414.0)	(17.0, 1903.0)	(18.0, 5214.0)	(19.0, 12155.0)	(20.0, 28888.0)	(21.0, 39909.0)	(22.0, 32006.0)	(23.0, 22641.0)	(24.0, 21732.0)	(25.0, 22515.0)	(26.0, 25900.0)	(27.0, 29362.0)	(28.0, 36635.0)	(29.0, 44044.0)	(30.0, 58370.0)	(31.0, 74610.0)	(32.0, 103566.0)	(33.0, 144367.0)	(34.0, 224945.0)	(35.0, 368676.0)	(36.0, 730638.0)	(37.0, 1555585.0)	(38.0, 4241191.0)	(39.0, 13014481.0)	(40.0, 2427317.0)	
