Sample	0	1	2	3	4	5	6	7	8	9	10	11	12	13	14	15
GFP_R1_MKRN250011206-1A_22MGWFLT4_L3_1	(1.0, 14.336379354409711)	(2.0, 12.45672714101256)	(3.0, 10.979319807975434)	(4.0, 8.819154382451192)	(5.0, 6.810097502547921)	(6.0, 5.213778645135257)	(7.0, 3.9499251231511496)	(8.0, 2.9860248150243462)	(9.0, 2.469989240239504)	('>10', 17.77120469057286)	('>50', 3.1396549683083848)	('>100', 4.246242496685676)	('>500', 2.139579886865015)	('>1k', 4.276883023948428)	('>5k', 0.4050389216727589)	('>10k+', 0.0)
GFP_R1_MKRN250011206-1A_22MGWFLT4_L3_2	(1.0, 13.380688333426043)	(2.0, 12.676927511808621)	(3.0, 11.06452694674951)	(4.0, 9.005550163052604)	(5.0, 7.076053040153302)	(6.0, 5.2799862324783415)	(7.0, 4.0083474696879655)	(8.0, 3.073307399841651)	(9.0, 2.4628115865381117)	('>10', 17.766691309604347)	('>50', 3.1482161273304285)	('>100', 4.348532900368459)	('>500', 1.9747834032545202)	('>1k', 3.938148509136789)	('>5k', 0.7954290665691834)	('>10k+', 0.0)
GFP_R1_MKRN250011206-1A_22MVT7LT4_L4_1	(1.0, 8.045718590172571)	(2.0, 6.715748155612343)	(3.0, 7.308060241263879)	(4.0, 6.956281096100147)	(5.0, 6.484798467743176)	(6.0, 5.698479721069088)	(7.0, 4.891672998345174)	(8.0, 4.196118769548809)	(9.0, 3.5842408919930118)	('>10', 27.7944708689923)	('>50', 4.709045945190877)	('>100', 5.640433808505509)	('>500', 1.4587500191873852)	('>1k', 4.40610349363543)	('>5k', 1.4922898111202019)	('>10k+', 0.6177871215201433)
GFP_R1_MKRN250011206-1A_22MVT7LT4_L4_2	(1.0, 7.625542164195867)	(2.0, 6.825789513562102)	(3.0, 7.4124632821563825)	(4.0, 7.039027832178703)	(5.0, 6.572469956570737)	(6.0, 5.831732525742494)	(7.0, 5.027936594225388)	(8.0, 4.26158239599144)	(9.0, 3.569527936080271)	('>10', 27.781605474536814)	('>50', 4.681779631846473)	('>100', 5.339706883008138)	('>500', 1.5893768857860955)	('>1k', 4.359228716985659)	('>5k', 1.2363478465714268)	('>10k+', 0.8458823605619408)
GFP_R2_MKRN250011211-1A_22MGWFLT4_L3_1	(1.0, 21.799902662396235)	(2.0, 15.876072283549691)	(3.0, 11.149097892940434)	(4.0, 7.645430911248274)	(5.0, 5.127093848017168)	(6.0, 3.5409886757757225)	(7.0, 2.671641162707777)	(8.0, 2.0319781542643804)	(9.0, 1.6643976599534431)	('>10', 14.166911364408605)	('>50', 3.1299253316481104)	('>100', 4.247022058790627)	('>500', 1.9498259348594944)	('>1k', 4.0995582303158775)	('>5k', 0.9001538291241913)	('>10k+', 0.0)
GFP_R2_MKRN250011211-1A_22MGWFLT4_L3_2	(1.0, 21.239240474504417)	(2.0, 16.127097631464814)	(3.0, 11.222066500491403)	(4.0, 7.662681845697141)	(5.0, 5.144704449650788)	(6.0, 3.68369023189702)	(7.0, 2.6905896176409807)	(8.0, 2.0570471293818273)	(9.0, 1.6266616918019852)	('>10', 14.326824845058011)	('>50', 3.032945040567876)	('>100', 4.211530734256724)	('>500', 1.8816568750339997)	('>1k', 4.050729059212661)	('>5k', 1.0425338733403373)	('>10k+', 0.0)
GFP_R2_MKRN250011211-1A_22MVT7LT4_L4_1	(1.0, 12.442453502100422)	(2.0, 10.663962409628382)	(3.0, 9.713290906284838)	(4.0, 7.903262591941153)	(5.0, 6.072885829348858)	(6.0, 4.823309401861199)	(7.0, 3.805870843710351)	(8.0, 3.107428712282074)	(9.0, 2.4497723487196117)	('>10', 20.092419305954166)	('>50', 4.6913195485908314)	('>100', 5.79905385717892)	('>500', 1.502614017560553)	('>1k', 4.428947388897868)	('>5k', 1.3247079049783126)	('>10k+', 1.1787014309624615)
GFP_R2_MKRN250011211-1A_22MVT7LT4_L4_2	(1.0, 12.419960589736203)	(2.0, 10.821295569862517)	(3.0, 9.539365807512091)	(4.0, 7.983090796791208)	(5.0, 6.326806123949849)	(6.0, 4.834563989870152)	(7.0, 3.8207075035119233)	(8.0, 3.0911155491162794)	(9.0, 2.4580045064495026)	('>10', 20.114212074404442)	('>50', 4.5179286204112294)	('>100', 5.625760654046993)	('>500', 1.5006908256678964)	('>1k', 4.433899604648838)	('>5k', 1.2636168929883445)	('>10k+', 1.2489808910326134)
GFP_R3_MKRN250011216-1A_22MVT7LT4_L4_1	(1.0, 21.1919038809574)	(2.0, 10.685985175311806)	(3.0, 6.797335034410458)	(4.0, 4.803101258225969)	(5.0, 3.575206343121426)	(6.0, 2.9488794013049775)	(7.0, 2.290267310278932)	(8.0, 1.9155913890692777)	(9.0, 1.620651477884458)	('>10', 18.72227330970735)	('>50', 5.2783684620981415)	('>100', 8.407627848463655)	('>500', 1.9004817638204088)	('>1k', 3.5577584563291325)	('>5k', 2.1037475721209993)	('>10k+', 4.2008213168955155)
GFP_R3_MKRN250011216-1A_22MVT7LT4_L4_2	(1.0, 21.40815315300567)	(2.0, 10.741605634339367)	(3.0, 6.826832145339096)	(4.0, 4.857449842660773)	(5.0, 3.5676201257430185)	(6.0, 2.771372202959858)	(7.0, 2.2511403080382317)	(8.0, 1.9046810905491904)	(9.0, 1.6257040052818936)	('>10', 18.43319464214655)	('>50', 5.406146388668747)	('>100', 8.420627172216308)	('>500', 1.8697200898436965)	('>1k', 3.5115143707796483)	('>5k', 2.2783989644867932)	('>10k+', 4.125839863941283)
HNF4_FOXF_R1_MKRN250011210-1A_22MGWFLT4_L3_1	(1.0, 20.330312958708404)	(2.0, 16.3172997477997)	(3.0, 11.927540184266956)	(4.0, 7.988743147011405)	(5.0, 5.535651883965579)	(6.0, 3.7337051720598735)	(7.0, 2.7193779530408855)	(8.0, 2.0047695293643724)	(9.0, 1.5838058065882572)	('>10', 14.393816958589653)	('>50', 2.8349862627471674)	('>100', 3.98963112921753)	('>500', 1.8399876473920527)	('>1k', 4.311336440807605)	('>5k', 0.4890351784404254)	('>10k+', 0.0)
HNF4_FOXF_R1_MKRN250011210-1A_22MGWFLT4_L3_2	(1.0, 19.445950264834558)	(2.0, 16.57622513045096)	(3.0, 12.203845273815535)	(4.0, 8.191938996848716)	(5.0, 5.641129060424744)	(6.0, 3.8260879782865813)	(7.0, 2.7794460654291337)	(8.0, 2.0552330232935065)	(9.0, 1.5686532236101138)	('>10', 14.196901010861632)	('>50', 2.78643338673985)	('>100', 4.064275658468153)	('>500', 1.8853739799007556)	('>1k', 3.964250010321856)	('>5k', 0.814256936713895)	('>10k+', 0.0)
HNF4_FOXF_R1_MKRN250011210-1A_22MVT7LT4_L4_1	(1.0, 9.299041462087333)	(2.0, 8.815928246478165)	(3.0, 9.265337594085816)	(4.0, 8.485958014079698)	(5.0, 7.147266405904189)	(6.0, 5.761250314859987)	(7.0, 4.488238203267776)	(8.0, 3.517725152964309)	(9.0, 2.9227202587186687)	('>10', 21.625871614942195)	('>50', 4.704563581644244)	('>100', 5.634110090371102)	('>500', 1.4259672480163839)	('>1k', 4.377804207217043)	('>5k', 1.4162242015777489)	('>10k+', 1.1119934037853716)
HNF4_FOXF_R1_MKRN250011210-1A_22MVT7LT4_L4_2	(1.0, 9.045963694436688)	(2.0, 8.874133621502464)	(3.0, 9.25199362195209)	(4.0, 8.438698833446738)	(5.0, 7.21050914130886)	(6.0, 5.986697427512665)	(7.0, 4.52310444482236)	(8.0, 3.6207298337575757)	(9.0, 2.829457035450323)	('>10', 21.746092413641033)	('>50', 4.57941859727996)	('>100', 5.4299999814476765)	('>500', 1.4799984867218288)	('>1k', 4.460461300073391)	('>5k', 1.34242009085223)	('>10k+', 1.1803214757941443)
HNF4_FOXF_R2_MKRN250011215-1A_22MVT7LT4_L4_1	(1.0, 15.024331515006642)	(2.0, 7.932418800428552)	(3.0, 5.350685166862503)	(4.0, 3.9373760748219464)	(5.0, 3.0637107097441163)	(6.0, 2.46091483003596)	(7.0, 2.082041356742447)	(8.0, 1.7895458757084914)	(9.0, 1.5179092432940209)	('>10', 19.678435018581812)	('>50', 6.90758831738252)	('>100', 11.671504632226842)	('>500', 2.5783431153275536)	('>1k', 4.639493872508906)	('>5k', 2.887446417614389)	('>10k+', 8.47825505371319)
HNF4_FOXF_R2_MKRN250011215-1A_22MVT7LT4_L4_2	(1.0, 15.388923659141508)	(2.0, 7.964076001983819)	(3.0, 5.545366588425042)	(4.0, 3.9203003254822537)	(5.0, 3.0747797432138118)	(6.0, 2.4946944014986605)	(7.0, 2.041869050692629)	(8.0, 1.750089423059869)	(9.0, 1.5312466992437248)	('>10', 19.77343300662242)	('>50', 6.800872430462592)	('>100', 11.189862534750647)	('>500', 2.4378349170491407)	('>1k', 4.7085908327070385)	('>5k', 2.580029350766402)	('>10k+', 8.798031034900571)
HNF4_FOXF_R3_MKRN250011220-1A_22MVT7LT4_L3_1	(1.0, 25.357070470138854)	(2.0, 10.84050374113751)	(3.0, 6.6281991251048815)	(4.0, 4.3897183669463296)	(5.0, 3.3145111663641056)	(6.0, 2.526868653669565)	(7.0, 2.119817521392615)	(8.0, 1.7257369637597826)	(9.0, 1.4440984131446784)	('>10', 17.010338698794598)	('>50', 5.167331899518321)	('>100', 7.463072728197948)	('>500', 1.6063156112049355)	('>1k', 4.0261020027952155)	('>5k', 2.3829049232645225)	('>10k+', 3.9974097145663112)
HNF4_FOXF_R3_MKRN250011220-1A_22MVT7LT4_L3_2	(1.0, 24.812213049247877)	(2.0, 10.9002874870844)	(3.0, 6.548629713937233)	(4.0, 4.580930161840052)	(5.0, 3.2819148339878415)	(6.0, 2.5043758202998196)	(7.0, 2.099864918322514)	(8.0, 1.6919507642780753)	(9.0, 1.4475817008365652)	('>10', 17.19160743166254)	('>50', 5.232235625997701)	('>100', 7.30803071125286)	('>500', 1.5778109413315047)	('>1k', 4.117533503011335)	('>5k', 2.598001085664729)	('>10k+', 4.107032251244976)
HNF4_GFP_R1_MKRN250011208-1A_22MGWFLT4_L3_1	(1.0, 24.706439324979442)	(2.0, 17.35447383907941)	(3.0, 11.324169793938466)	(4.0, 7.25718330430222)	(5.0, 4.785094410644771)	(6.0, 3.3358597166017536)	(7.0, 2.429318989787791)	(8.0, 1.8001780130708702)	(9.0, 1.4499459936818258)	('>10', 12.785082596893776)	('>50', 2.4847708404300706)	('>100', 3.631799596858692)	('>500', 2.07092196429354)	('>1k', 4.14187988115714)	('>5k', 0.4428817342803568)	('>10k+', 0.0)
HNF4_GFP_R1_MKRN250011208-1A_22MGWFLT4_L3_2	(1.0, 24.2176314923803)	(2.0, 17.74068178288041)	(3.0, 11.46659607109209)	(4.0, 7.2996905663375715)	(5.0, 4.825130321611644)	(6.0, 3.4078541071274766)	(7.0, 2.3665715505407476)	(8.0, 1.8134176652256446)	(9.0, 1.4884922807013927)	('>10', 12.643615234906571)	('>50', 2.4382080593053224)	('>100', 3.7681049359243484)	('>500', 2.0193900281917534)	('>1k', 3.756819674856604)	('>5k', 0.7477962289180373)	('>10k+', 0.0)
HNF4_GFP_R1_MKRN250011208-1A_22MVT7LT4_L4_1	(1.0, 13.943406223821182)	(2.0, 11.937860423235414)	(3.0, 10.346036179109891)	(4.0, 8.316375762754301)	(5.0, 6.272001516951921)	(6.0, 4.814326378290408)	(7.0, 3.7212793114624656)	(8.0, 2.8710498671572724)	(9.0, 2.2666108903283275)	('>10', 18.707296211226097)	('>50', 3.96240988283211)	('>100', 4.743081894511942)	('>500', 1.3841483175987794)	('>1k', 4.374754773355192)	('>5k', 1.2472417702642091)	('>10k+', 1.092120597100388)
HNF4_GFP_R1_MKRN250011208-1A_22MVT7LT4_L4_2	(1.0, 14.114535215347962)	(2.0, 12.043751519552151)	(3.0, 10.402778662827943)	(4.0, 8.475603351139828)	(5.0, 6.349313748718295)	(6.0, 4.848406786149114)	(7.0, 3.65794838526461)	(8.0, 2.8615798564642403)	(9.0, 2.3289857353750514)	('>10', 18.323465440759833)	('>50', 4.0307399329095785)	('>100', 4.482540563732309)	('>500', 1.3080843487221414)	('>1k', 4.429334689670984)	('>5k', 1.4024143638521633)	('>10k+', 0.9405173995138119)
HNF4_GFP_R2_MKRN250011213-1A_22MGWFLT4_L3_1	(1.0, 13.741972606612373)	(2.0, 11.584346967618792)	(3.0, 9.995590569134984)	(4.0, 8.215132908294558)	(5.0, 6.4347483877256515)	(6.0, 4.986812746115589)	(7.0, 3.947485977494848)	(8.0, 3.1536616294686377)	(9.0, 2.41339992054798)	('>10', 18.002473946092472)	('>50', 3.3088834828175324)	('>100', 4.179194009339427)	('>500', 2.3479156193652604)	('>1k', 5.4723132540228425)	('>5k', 2.021443605701866)	('>10k+', 0.19462436964722446)
HNF4_GFP_R2_MKRN250011213-1A_22MGWFLT4_L3_2	(1.0, 13.208724358482474)	(2.0, 11.500556849579361)	(3.0, 10.316899459256312)	(4.0, 8.34921058172243)	(5.0, 6.514039172235647)	(6.0, 5.166561218183408)	(7.0, 3.980609480185724)	(8.0, 3.1794050664796214)	(9.0, 2.5709202392817736)	('>10', 17.723236361019847)	('>50', 3.2181242999202055)	('>100', 4.1511661567347)	('>500', 2.422397635939348)	('>1k', 5.361222208809771)	('>5k', 1.7821108624547246)	('>10k+', 0.5548160497147829)
HNF4_GFP_R2_MKRN250011213-1A_22MVT7LT4_L4_1	(1.0, 8.272314881931807)	(2.0, 6.8358003706676636)	(3.0, 7.052865270207405)	(4.0, 6.867578517708806)	(5.0, 5.969076286117514)	(6.0, 5.333411824156453)	(7.0, 4.577968892849188)	(8.0, 3.925459814825446)	(9.0, 3.366363888753239)	('>10', 26.775563225618814)	('>50', 4.64642809536615)	('>100', 5.386771452770333)	('>500', 1.5205042444695283)	('>1k', 5.286454382912453)	('>5k', 2.086658312265687)	('>10k+', 2.0967805393795667)
HNF4_GFP_R2_MKRN250011213-1A_22MVT7LT4_L4_2	(1.0, 8.428271699351257)	(2.0, 6.951801309510766)	(3.0, 7.156344971968806)	(4.0, 6.885912019066049)	(5.0, 6.061335858461072)	(6.0, 5.462018595927979)	(7.0, 4.643977794572822)	(8.0, 3.982952566081277)	(9.0, 3.375227041823034)	('>10', 26.400659198367375)	('>50', 4.387383954254939)	('>100', 5.239293232451191)	('>500', 1.5933759999416663)	('>1k', 5.4213851529659625)	('>5k', 1.7537527167022053)	('>10k+', 2.2563078885536547)
HNF4_GFP_R3_MKRN250011218-1A_22MVT7LT4_L4_1	(1.0, 18.340975384277137)	(2.0, 9.693719216454493)	(3.0, 6.350495532237349)	(4.0, 4.72207592037786)	(5.0, 3.575393656734526)	(6.0, 2.8977878817361176)	(7.0, 2.3585580014905383)	(8.0, 1.9774446802410435)	(9.0, 1.7672218847415746)	('>10', 20.352502970708876)	('>50', 5.925404682502057)	('>100', 9.661770717645272)	('>500', 2.2278584137791557)	('>1k', 3.468282488688764)	('>5k', 1.86709619487442)	('>10k+', 4.813412373510998)
HNF4_GFP_R3_MKRN250011218-1A_22MVT7LT4_L4_2	(1.0, 18.365806810960667)	(2.0, 9.76883314681532)	(3.0, 6.480512554749858)	(4.0, 4.65360873539786)	(5.0, 3.5836348719652724)	(6.0, 2.8812149860911793)	(7.0, 2.405046356852954)	(8.0, 2.0449516635174056)	(9.0, 1.75284153168195)	('>10', 20.183841304670207)	('>50', 6.0386657125812215)	('>100', 9.51939555196686)	('>500', 2.182347043830675)	('>1k', 3.3674631747250126)	('>5k', 1.874529686295005)	('>10k+', 4.897306867898556)
HNF4_NKX_R1_MKRN250011209-1A_22MGWFLT4_L3_1	(1.0, 18.748819098215783)	(2.0, 15.350764214237856)	(3.0, 11.962275053902664)	(4.0, 8.693325193833411)	(5.0, 5.997091445313239)	(6.0, 4.389415990936728)	(7.0, 3.1110330350999806)	(8.0, 2.337342942052017)	(9.0, 1.7974178054237189)	('>10', 14.533678311687959)	('>50', 2.625290659923432)	('>100', 3.4623398922392683)	('>500', 2.0357371744418082)	('>1k', 4.247687547569312)	('>5k', 0.7077816351227618)	('>10k+', 0.0)
HNF4_NKX_R1_MKRN250011209-1A_22MGWFLT4_L3_2	(1.0, 17.894933412154227)	(2.0, 15.497010645237786)	(3.0, 12.26970004433495)	(4.0, 8.818396187172493)	(5.0, 6.192396083201602)	(6.0, 4.45207635155118)	(7.0, 3.2002191247271035)	(8.0, 2.3807110946962045)	(9.0, 1.7836685125722576)	('>10', 14.298787413624698)	('>50', 2.6526658040691733)	('>100', 3.5731366517171432)	('>500', 1.9615083753535305)	('>1k', 4.0509766081472955)	('>5k', 0.9738136914404014)	('>10k+', 0.0)
HNF4_NKX_R1_MKRN250011209-1A_22MVT7LT4_L4_1	(1.0, 9.758298017129206)	(2.0, 8.637394086127406)	(3.0, 9.023391074852864)	(4.0, 8.220444795267767)	(5.0, 7.073639410761641)	(6.0, 5.7939335774608605)	(7.0, 4.710137064243539)	(8.0, 3.8451061456154108)	(9.0, 3.1155504330552257)	('>10', 22.560388174747136)	('>50', 4.32806402042452)	('>100', 4.73327003989503)	('>500', 1.311004920977423)	('>1k', 4.374683319731933)	('>5k', 1.4546700992851447)	('>10k+', 1.06002482042478)
HNF4_NKX_R1_MKRN250011209-1A_22MVT7LT4_L4_2	(1.0, 9.662458056832303)	(2.0, 8.826478013675466)	(3.0, 9.08143993609166)	(4.0, 8.474420535733387)	(5.0, 7.208836345145539)	(6.0, 5.81370960636581)	(7.0, 4.966802262796239)	(8.0, 3.7990870212736247)	(9.0, 3.043310951757942)	('>10', 22.191827465158617)	('>50', 4.06473806948175)	('>100', 4.664410307876571)	('>500', 1.2743597275485272)	('>1k', 4.488383583449751)	('>5k', 1.3676398417145073)	('>10k+', 1.0720982750982406)
HNF4_NKX_R2_MKRN250011214-1A_22MVT7LT4_L4_1	(1.0, 16.86704243539273)	(2.0, 8.55427545045726)	(3.0, 5.923360911118781)	(4.0, 4.33901791827657)	(5.0, 3.516378925235035)	(6.0, 2.818807126722263)	(7.0, 2.424351312839589)	(8.0, 2.106934564267339)	(9.0, 1.7288376283091358)	('>10', 21.3454858229452)	('>50', 6.195035888010756)	('>100', 10.264146265625815)	('>500', 2.4081501545114476)	('>1k', 3.1595421690996592)	('>5k', 1.8121563062579855)	('>10k+', 6.536477120930556)
HNF4_NKX_R2_MKRN250011214-1A_22MVT7LT4_L4_2	(1.0, 17.338897667551084)	(2.0, 8.577273941673726)	(3.0, 5.947242770459032)	(4.0, 4.36048678660119)	(5.0, 3.4940570402836046)	(6.0, 2.8413118810585036)	(7.0, 2.4018482806107015)	(8.0, 2.0488937990469367)	(9.0, 1.820139612795824)	('>10', 21.243677505144102)	('>50', 6.1123250980553125)	('>100', 9.839396453900736)	('>500', 2.29202402232558)	('>1k', 3.1836664263631276)	('>5k', 1.8096860267598465)	('>10k+', 6.6890726873706035)
HNF4_NKX_R3_MKRN250011219-1A_22MVT7LT4_L4_1	(1.0, 27.655024014000773)	(2.0, 12.731723049034349)	(3.0, 7.533932984058849)	(4.0, 4.931011919897556)	(5.0, 3.523327199967124)	(6.0, 2.704614114966605)	(7.0, 2.137569610067434)	(8.0, 1.794073897060654)	(9.0, 1.4584698681009156)	('>10', 16.244489432231752)	('>50', 4.379438124411783)	('>100', 5.520706401505567)	('>500', 1.3644029405013824)	('>1k', 3.9899733727764923)	('>5k', 1.7539332514131794)	('>10k+', 2.2773098200055677)
HNF4_NKX_R3_MKRN250011219-1A_22MVT7LT4_L4_2	(1.0, 27.804687742984445)	(2.0, 12.827388743132445)	(3.0, 7.450772374595884)	(4.0, 4.800042811669148)	(5.0, 3.619042438296791)	(6.0, 2.7596031905572387)	(7.0, 2.127752265336158)	(8.0, 1.7841008299737484)	(9.0, 1.5473354747863797)	('>10', 16.230567965278716)	('>50', 4.252574814855892)	('>100', 5.353122964265731)	('>500', 1.400581742856299)	('>1k', 4.004617140811222)	('>5k', 1.8822242172225014)	('>10k+', 2.155585283377409)
HNF4_R1_MKRN250011207-1A_22MGWFLT4_L3_1	(1.0, 25.3124494495291)	(2.0, 17.317646568097594)	(3.0, 11.253870106017937)	(4.0, 7.317295716057218)	(5.0, 4.748079163825445)	(6.0, 3.2530021582139983)	(7.0, 2.4178433181960326)	(8.0, 1.7792718095309938)	(9.0, 1.4418818680332697)	('>10', 12.868007202509691)	('>50', 2.355286676658912)	('>100', 3.524034403031532)	('>500', 2.1574999748113526)	('>1k', 3.9165992201249487)	('>5k', 0.33723236536205925)	('>10k+', 0.0)
HNF4_R1_MKRN250011207-1A_22MGWFLT4_L3_2	(1.0, 25.063988990845274)	(2.0, 17.243119622421986)	(3.0, 11.394962574510965)	(4.0, 7.369357711047633)	(5.0, 4.865262116375801)	(6.0, 3.321730903642405)	(7.0, 2.4777693389460667)	(8.0, 1.8535151002831245)	(9.0, 1.4914143493967995)	('>10', 12.760747412452355)	('>50', 2.236844653308903)	('>100', 3.7043932891422817)	('>500', 1.976503163273185)	('>1k', 3.6917005664267215)	('>5k', 0.5486902079264607)	('>10k+', 0.0)
HNF4_R1_MKRN250011207-1A_22MVT7LT4_L4_1	(1.0, 15.44327532886897)	(2.0, 12.540210968264597)	(3.0, 10.253221248754524)	(4.0, 7.927204867916844)	(5.0, 6.0134811835029485)	(6.0, 4.64956730156467)	(7.0, 3.601157697756647)	(8.0, 2.842834343590587)	(9.0, 2.267415734156387)	('>10', 18.393696386093055)	('>50', 3.879823720322803)	('>100', 4.38940750100802)	('>500', 1.3994060413964815)	('>1k', 4.2403348004634)	('>5k', 1.4306541301191937)	('>10k+', 0.7283087462207766)
HNF4_R1_MKRN250011207-1A_22MVT7LT4_L4_2	(1.0, 15.329558218988563)	(2.0, 12.61897284200354)	(3.0, 10.616069545239021)	(4.0, 8.086474888143226)	(5.0, 6.237260450401817)	(6.0, 4.512616931990122)	(7.0, 3.609964868083383)	(8.0, 2.824444095877983)	(9.0, 2.217344767721613)	('>10', 18.187499321202385)	('>50', 3.7495550297818543)	('>100', 4.2438466923404095)	('>500', 1.418445793082397)	('>1k', 4.247742998688463)	('>5k', 1.3082566783339442)	('>10k+', 0.7919468781212987)
HNF4_R2_MKRN250011212-1A_22MGWFLT4_L3_1	(1.0, 24.939853982930927)	(2.0, 16.056248580278883)	(3.0, 10.516456720908893)	(4.0, 6.876007022733566)	(5.0, 4.65780617322755)	(6.0, 3.242593298835556)	(7.0, 2.4442812409961165)	(8.0, 1.9730634786431167)	(9.0, 1.550130662542748)	('>10', 13.697059452031374)	('>50', 2.8000595387809115)	('>100', 3.9870167975110964)	('>500', 1.955479246156278)	('>1k', 4.200192760436969)	('>5k', 1.1037510439861433)	('>10k+', 0.0)
HNF4_R2_MKRN250011212-1A_22MGWFLT4_L3_2	(1.0, 24.36078028636706)	(2.0, 16.39308692356219)	(3.0, 10.655364934678246)	(4.0, 6.988155589453504)	(5.0, 4.703810273552208)	(6.0, 3.2934865389235672)	(7.0, 2.467703528317667)	(8.0, 1.8974186449769508)	(9.0, 1.539047205485697)	('>10', 13.654979542054994)	('>50', 2.7546598141511414)	('>100', 3.991336207911785)	('>500', 1.9636919235135104)	('>1k', 4.143534719267163)	('>5k', 1.1929438677843656)	('>10k+', 0.0)
HNF4_R2_MKRN250011212-1A_22MVT7LT4_L4_1	(1.0, 15.632560340485584)	(2.0, 12.128245393431177)	(3.0, 9.80838612836436)	(4.0, 7.435416341161859)	(5.0, 5.658513919575594)	(6.0, 4.299317160766162)	(7.0, 3.3470881392065617)	(8.0, 2.6817107435797203)	(9.0, 2.2211761015983478)	('>10', 18.71879809524668)	('>50', 4.30200085970489)	('>100', 5.159243719680706)	('>500', 1.401799415413322)	('>1k', 4.423319144239804)	('>5k', 1.4544204651235069)	('>10k+', 1.328004032421658)
HNF4_R2_MKRN250011212-1A_22MVT7LT4_L4_2	(1.0, 15.644876876395205)	(2.0, 12.23118668240146)	(3.0, 9.972981354169047)	(4.0, 7.542347237652567)	(5.0, 5.696732965023717)	(6.0, 4.3614049930256)	(7.0, 3.326712780362236)	(8.0, 2.675454750080166)	(9.0, 2.209807042574252)	('>10', 18.544348059675915)	('>50', 4.118972242464296)	('>100', 5.0976562680678486)	('>500', 1.3806372625901553)	('>1k', 4.427428359049022)	('>5k', 1.3378693757786997)	('>10k+', 1.43158375068977)
HNF4_R3_MKRN250011217-1A_22MVT7LT4_L4_1	(1.0, 27.381821411458446)	(2.0, 12.866672895642234)	(3.0, 7.458367175543969)	(4.0, 4.904737879223916)	(5.0, 3.5489614542294783)	(6.0, 2.7611723078427874)	(7.0, 2.1155674296544684)	(8.0, 1.6283110483764245)	(9.0, 1.4229736250327405)	('>10', 15.663187478894535)	('>50', 4.181284701062854)	('>100', 5.360390144727937)	('>500', 1.3627698844382765)	('>1k', 4.530591714275826)	('>5k', 2.1802434485259066)	('>10k+', 2.6329474010704623)
HNF4_R3_MKRN250011217-1A_22MVT7LT4_L4_2	(1.0, 27.811006988223475)	(2.0, 12.891727112885329)	(3.0, 7.429645203449247)	(4.0, 4.937775135864119)	(5.0, 3.306352154565532)	(6.0, 2.6379552871638716)	(7.0, 2.0818819318265014)	(8.0, 1.7381816081243209)	(9.0, 1.429387045970195)	('>10', 15.613311559285078)	('>50', 4.094301881071372)	('>100', 5.286406796174512)	('>500', 1.3397770637980229)	('>1k', 4.643653006880873)	('>5k', 2.0636480731803624)	('>10k+', 2.694989151537136)
